sin
5.0
0.0
10.0
10.0
0.1
0.0
0.0
0
0
0
100.0
0.0
0.0 0.0
0.01 0.03141571982779476
0.02 0.06283019941676304
0.03 0.09424219857704087
0.04 0.1256504772166874
0.05 0.15705379539064146
0.06 0.1884509133496727
0.07 0.21984059158932454
0.08 0.25122159089884777
0.09 0.28259267241012265
0.1 0.31395259764656686
0.11 0.34530012857202896
0.12 0.3766340276396636
0.13 0.4079530578407877
0.14 0.4392559827537159
0.15 0.47054156659257157
0.16 0.5018085742560745
0.17 0.5330557713762996
0.18 0.5642819243674084
0.19 0.5954858004743486
0.2 0.6266661678215213
0.21 0.6578217954614125
0.22 0.6889514534231904
0.23 0.7200539127612609
0.24 0.7511279456037854
0.25 0.7821723252011543
0.26 0.8131858259744179
0.27 0.8441672235636695
0.28 0.8751152948763803
0.29 0.9060288181356867
0.3 0.936906572928623
0.31 0.9677473402543012
0.32 0.9985499025720351
0.33 1.0293130438494067
0.34 1.0600355496102731
0.35 1.0907162069827125
0.36 1.1213538047469058
0.37 1.151947133382953
0.38 1.1824949851186233
0.39 1.212996153977037
0.4 1.243449435824274
0.41 1.2738536284169104
0.42 1.3042075314494848
0.43 1.334509946601878
0.44 1.3647596775866262
0.45 1.3949555301961465
0.46 1.4250963123498805
0.47 1.455180834141359
0.48 1.4852079078851745
0.49 1.5151763481638696
0.5 1.545084971874737
0.51 1.5749325982765239
0.52 1.6047180490360473
0.53 1.6344401482747122
0.54 1.6640977226149334
0.55 1.693689601226457
0.56 1.7232146158725854
0.57 1.7526716009562948
0.58 1.7820593935662534
0.59 1.8113768335227283
0.6 1.8406227634233896
0.61 1.8697960286890019
0.62 1.8988954776090052
0.63 1.9279199613869826
0.64 1.9568683341860122
0.65 1.985739453173903
0.66 2.014532178568313
0.67 2.0432453736817453
0.68 2.0718779049664207
0.69 2.100428642059031
0.7 2.128896457825363
0.71 2.1572802284047947
0.72 2.1855788332546644
0.73 2.2137911551945075
0.74 2.241916080450161
0.75 2.2699524986977337
0.76 2.297899303107439
0.77 2.3257553903872914
0.78 2.3535196608266626
0.79 2.3811910183396954
0.8 2.4087683705085765
0.81 2.436250628626661
0.82 2.4636367077414576
0.83 2.490925526697454
0.84 2.518116008178804
0.85 2.5452070787518566
0.86 2.572197668907532
0.87 2.599086713103547
0.88 2.6258731498064787
0.89 2.6525559215336703
0.9 2.679133974894983
0.91 2.705606260634379
0.92 2.7319717336713456
0.93 2.7582293531421516
0.94 2.7843780824409397
0.95 2.8104168892606527
0.96 2.8363447456337827
0.97 2.862160627972954
0.98 2.887863517111338
0.99 2.91345239834288
1.0 2.938926261462366
1.01 2.9642841008052963
1.02 2.989524915287594
1.03 3.0146477084451235
1.04 3.039651488473027
1.05 3.0645352682648825
1.06 3.0892980654516715
1.07 3.113938902440563
1.08 3.138456806453503
1.09 3.1628508095656223
1.1 3.1871199487434487
1.11 3.211263265882922
1.12 3.235279807847222
1.13 3.2591686265043935
1.14 3.282928778764782
1.15 3.306559326618259
1.16 3.330059337171258
1.17 3.3534278826835995
1.18 3.376664040605122
1.19 3.399766893612096
1.2 3.422735529643443
1.21 3.4455690419367424
1.22 3.4682665290640244
1.23 3.490827094967363
1.24 3.513249848994246
1.25 3.5355339059327373
1.26 3.557678386046427
1.27 3.5796824151091555
1.28 3.601545124439535
1.29 3.623265650935233
1.3 3.644843137107058
1.31 3.6662767311127995
1.32 3.6875655867908694
1.33 3.708708863693696
1.34 3.7297057271209106
1.35 3.750555348152298
1.36 3.771256903680519
1.37 3.7918095764436095
1.38 3.812212555057239
1.39 3.8324650340467494
1.4 3.8525662138789456
1.41 3.872515300993669
1.42 3.8923115078351165
1.43 3.9119540528829404
1.44 3.9314421606830945
1.45 3.9507750618784514
1.46 3.9699519932391762
1.47 3.988972197692855
1.48 4.007834924354382
1.49 4.026539428555609
1.5 4.045084971874737
1.51 4.06347082216547
1.52 4.081696253585919
1.53 4.0997605466272615
1.54 4.117662988142137
1.55 4.1354028713728095
1.56 4.1529794959790625
1.57 4.170392168065856
1.58 4.1876402002107085
1.59 4.204722911490845
1.6 4.221639627510076
1.61 4.238389680425416
1.62 4.254972408973459
1.63 4.271387158496475
1.64 4.287633280968261
1.65 4.303710135019718
1.66 4.319617085964176
1.67 4.33535350582245
1.68 4.350918773347629
1.69 4.3663122740496005
1.7 4.381533400219318
1.71 4.3965815509527815
1.72 4.4114561321747665
1.73 4.426156556662276
1.74 4.440682244067722
1.75 4.455032620941839
1.76 4.469207120756319
1.77 4.483205183926179
1.78 4.4970262578318545
1.79 4.5106697968410145
1.8 4.524135262330098
1.81 4.537422122705585
1.82 4.550529853424978
1.83 4.563457937017514
1.84 4.576205863104588
1.85 4.588773128419906
1.86 4.601159236829352
1.87 4.6133636993505736
1.88 4.6253860341722906
1.89 4.637225766673306
1.9 4.648882429441256
1.91 4.660355562291055
1.92 4.67164471228306
1.93 4.682749433740962
1.94 4.69366928826937
1.95 4.704403844771127
1.96 4.714952679464322
1.97 4.725315375899024
1.98 4.735491524973721
1.99 4.745480724951473
2.0 4.755282581475767
2.01 4.764896707586094
2.02 4.774322723733214
2.03 4.783560257794152
2.04 4.792608945086879
2.05 4.801468428384715
2.06 4.8101383579304295
2.07 4.818618391450048
2.08 4.82690819416637
2.09 4.835007438812175
2.1 4.842915805643155
2.11 4.850632982450529
2.12 4.85815866457337
2.13 4.865492554910633
2.14 4.872634363932885
2.15 4.879583809693736
2.16 4.886340617840967
2.17 4.892904521627361
2.18 4.899275261921234
2.19 4.90545258721667
2.2 4.911436253643443
2.21 4.917226024976649
2.22 4.922821672646027
2.23 4.9282229757449905
2.24 4.9334297210393405
2.25 4.938441702975689
2.26 4.94325872368957
2.27 4.947880593013255
2.28 4.952307128483256
2.29 4.956538155347533
2.3 4.960573506572389
2.31 4.964413022849069
2.32 4.968056552600042
2.33 4.971503951984994
2.34 4.9747550849065005
2.35 4.9778098230154
2.36 4.980668045715863
2.37 4.983329640170149
2.38 4.98579450130307
2.39 4.9880625318061265
2.4 4.990133642141358
2.41 4.992007750544875
2.42 4.993684783030087
2.43 4.995164673390623
2.44 4.996447363202946
2.45 4.997532801828658
2.46 4.9984209464165
2.47 4.999111761904045
2.48 4.99960522101908
2.49 4.9999013042806855
2.5 5.0
2.51 4.9999013042806855
2.52 4.99960522101908
2.53 4.999111761904045
2.54 4.9984209464165
2.55 4.997532801828658
2.56 4.996447363202946
2.57 4.995164673390623
2.58 4.993684783030087
2.59 4.992007750544875
2.6 4.990133642141358
2.61 4.9880625318061265
2.62 4.98579450130307
2.63 4.983329640170149
2.64 4.980668045715863
2.65 4.9778098230154
2.66 4.9747550849065005
2.67 4.971503951984994
2.68 4.968056552600042
2.69 4.964413022849069
2.7 4.960573506572389
2.71 4.956538155347533
2.72 4.952307128483256
2.73 4.947880593013255
2.74 4.94325872368957
2.75 4.938441702975689
2.76 4.9334297210393405
2.77 4.9282229757449905
2.78 4.922821672646027
2.79 4.917226024976649
2.8 4.911436253643443
2.81 4.90545258721667
2.82 4.899275261921234
2.83 4.892904521627361
2.84 4.886340617840967
2.85 4.879583809693737
2.86 4.872634363932886
2.87 4.865492554910633
2.88 4.85815866457337
2.89 4.850632982450529
2.9 4.842915805643156
2.91 4.835007438812175
2.92 4.82690819416637
2.93 4.818618391450048
2.94 4.8101383579304295
2.95 4.801468428384715
2.96 4.792608945086879
2.97 4.783560257794153
2.98 4.774322723733215
2.99 4.764896707586094
3.0 4.755282581475768
3.01 4.745480724951474
3.02 4.735491524973721
3.03 4.725315375899025
3.04 4.714952679464322
3.05 4.704403844771128
3.06 4.69366928826937
3.07 4.682749433740962
3.08 4.671644712283061
3.09 4.6603555622910555
3.1 4.648882429441257
3.11 4.637225766673307
3.12 4.6253860341722906
3.13 4.613363699350574
3.14 4.601159236829352
3.15 4.5887731284199065
3.16 4.576205863104588
3.17 4.563457937017514
3.18 4.550529853424978
3.19 4.537422122705585
3.2 4.524135262330097
3.21 4.5106697968410145
3.22 4.4970262578318545
3.23 4.48320518392618
3.24 4.4692071207563195
3.25 4.455032620941839
3.26 4.440682244067723
3.27 4.426156556662276
3.28 4.411456132174767
3.29 4.3965815509527815
3.3 4.381533400219318
3.31 4.366312274049601
3.32 4.350918773347629
3.33 4.335353505822451
3.34 4.319617085964177
3.35 4.303710135019719
3.36 4.287633280968261
3.37 4.271387158496475
3.38 4.25497240897346
3.39 4.238389680425417
3.4 4.221639627510076
3.41 4.204722911490846
3.42 4.1876402002107085
3.43 4.170392168065856
3.44 4.152979495979063
3.45 4.135402871372809
3.46 4.117662988142138
3.47 4.099760546627261
3.48 4.08169625358592
3.49 4.0634708221654705
3.5 4.045084971874737
3.51 4.02653942855561
3.52 4.007834924354382
3.53 3.9889721976928563
3.54 3.9699519932391762
3.55 3.9507750618784527
3.56 3.931442160683095
3.57 3.9119540528829413
3.58 3.8923115078351174
3.59 3.872515300993669
3.6 3.852566213878946
3.61 3.8324650340467494
3.62 3.812212555057239
3.63 3.79180957644361
3.64 3.77125690368052
3.65 3.750555348152298
3.66 3.729705727120911
3.67 3.7087088636936967
3.68 3.6875655867908694
3.69 3.6662767311127995
3.7 3.644843137107057
3.71 3.623265650935234
3.72 3.6015451244395336
3.73 3.579682415109157
3.74 3.5576783860464274
3.75 3.5355339059327378
3.76 3.513249848994246
3.77 3.4908270949673637
3.78 3.468266529064026
3.79 3.445569041936742
3.8 3.422735529643444
3.81 3.399766893612097
3.82 3.3766640406051227
3.83 3.353427882683601
3.84 3.3300593371712583
3.85 3.306559326618259
3.86 3.282928778764782
3.87 3.2591686265043935
3.88 3.2352798078472227
3.89 3.2112632658829225
3.9 3.187119948743449
3.91 3.1628508095656227
3.92 3.138456806453503
3.93 3.113938902440563
3.94 3.0892980654516715
3.95 3.0645352682648817
3.96 3.039651488473028
3.97 3.014647708445123
3.98 2.9895249152875953
3.99 2.9642841008052967
4.0 2.9389262614623664
4.01 2.913452398342881
4.02 2.88786351711134
4.03 2.862160627972954
4.04 2.836344745633782
4.05 2.810416889260654
4.06 2.784378082440941
4.07 2.75822935314215
4.08 2.731971733671346
4.09 2.7056062606343794
4.1 2.679133974894985
4.11 2.6525559215336703
4.12 2.625873149806478
4.13 2.599086713103549
4.14 2.572197668907533
4.15 2.5452070787518553
4.16 2.5181160081788043
4.17 2.4909255266974544
4.18 2.4636367077414603
4.19 2.436250628626661
4.2 2.408768370508576
4.21 2.381191018339697
4.22 2.353519660826664
4.23 2.3257553903872905
4.24 2.2978993031074397
4.25 2.269952498697734
4.26 2.2419160804501614
4.27 2.2137911551945098
4.28 2.1855788332546644
4.29 2.1572802284047943
4.3 2.1288964578253644
4.31 2.1004286420590326
4.32 2.0718779049664193
4.33 2.0432453736817457
4.34 2.014532178568314
4.35 1.9857394531739052
4.36 1.9568683341860118
4.37 1.9279199613869824
4.38 1.898895477609007
4.39 1.8697960286890034
4.4 1.8406227634233887
4.41 1.811376833522729
4.42 1.782059393566254
4.43 1.7526716009562973
4.44 1.7232146158725854
4.45 1.6936896012264566
4.46 1.6640977226149347
4.47 1.6344401482747137
4.48 1.6047180490360464
4.49 1.5749325982765248
4.5 1.5450849718747375
4.51 1.5151763481638703
4.52 1.4852079078851768
4.53 1.4551808341413588
4.54 1.4250963123498803
4.55 1.3949555301961478
4.56 1.364759677586627
4.57 1.3345099466018764
4.58 1.3042075314494852
4.59 1.2738536284169113
4.6 1.2434494358242763
4.61 1.212996153977037
4.62 1.182494985118623
4.63 1.1519471333829543
4.64 1.1213538047469072
4.65 1.0907162069827117
4.66 1.060035549610274
4.67 1.0293130438494071
4.68 0.9985499025720375
4.69 0.9677473402543013
4.7 0.9369065729286229
4.71 0.9060288181356884
4.72 0.8751152948763816
4.73 0.8441672235636682
4.74 0.8131858259744189
4.75 0.7821723252011549
4.76 0.7511279456037856
4.77 0.7200539127612631
4.78 0.6889514534231901
4.79 0.657821795461412
4.8 0.6266661678215226
4.81 0.59548580047435
4.82 0.5642819243674071
4.83 0.5330557713763002
4.84 0.501808574256075
4.85 0.47054156659257396
4.86 0.43925598275371575
4.87 0.4079530578407874
4.88 0.3766340276396652
4.89 0.3453001285720303
4.9 0.3139525976465657
4.91 0.2825926724101234
4.92 0.2512215908988483
4.93 0.21984059158932698
4.94 0.18845091334967268
4.95 0.15705379539064118
4.96 0.12565047721668907
4.97 0.0942421985770423
4.98 0.06283019941676196
4.99 0.03141571982779563
5.0 6.123233995736766E-16
5.01 -0.03141571982779441
5.02 -0.06283019941676074
5.03 -0.09424219857704107
5.04 -0.12565047721668784
5.05 -0.15705379539063996
5.06 -0.18845091334967146
5.07 -0.21984059158932576
5.08 -0.2512215908988471
5.09 -0.2825926724101222
5.1 -0.3139525976465645
5.11 -0.3453001285720291
5.12 -0.37663402763966397
5.13 -0.40795305784078617
5.14 -0.4392559827537146
5.15 -0.47054156659257274
5.16 -0.5018085742560736
5.17 -0.533055771376299
5.18 -0.564281924367406
5.19 -0.5954858004743486
5.2 -0.6266661678215214
5.21 -0.6578217954614108
5.22 -0.6889514534231889
5.23 -0.7200539127612617
5.24 -0.7511279456037844
5.25 -0.7821723252011537
5.26 -0.8131858259744176
5.27 -0.8441672235636671
5.28 -0.8751152948763805
5.29 -0.9060288181356873
5.3 -0.9369065729286217
5.31 -0.9677473402543001
5.32 -0.9985499025720362
5.33 -1.029313043849406
5.34 -1.0600355496102727
5.35 -1.0907162069827103
5.36 -1.121353804746906
5.37 -1.1519471333829532
5.38 -1.182494985118622
5.39 -1.2129961539770358
5.4 -1.2434494358242751
5.41 -1.27385362841691
5.42 -1.304207531449484
5.43 -1.3345099466018753
5.44 -1.3647596775866262
5.45 -1.3949555301961465
5.46 -1.4250963123498788
5.47 -1.4551808341413577
5.48 -1.4852079078851754
5.49 -1.515176348163869
5.5 -1.5450849718747364
5.51 -1.5749325982765237
5.52 -1.604718049036045
5.53 -1.6344401482747126
5.54 -1.6640977226149336
5.55 -1.6936896012264555
5.56 -1.723214615872584
5.57 -1.7526716009562961
5.58 -1.782059393566253
5.59 -1.8113768335227278
5.6 -1.8406227634233874
5.61 -1.8697960286890023
5.62 -1.898895477609006
5.63 -1.9279199613869813
5.64 -1.9568683341860107
5.65 -1.9857394531739039
5.66 -2.014532178568312
5.67 -2.043245373681745
5.68 -2.071877904966418
5.69 -2.1004286420590312
5.7 -2.1288964578253635
5.71 -2.157280228404793
5.72 -2.185578833254663
5.73 -2.2137911551945084
5.74 -2.24191608045016
5.75 -2.2699524986977333
5.76 -2.297899303107439
5.77 -2.3257553903872896
5.78 -2.353519660826663
5.79 -2.381191018339696
5.8 -2.408768370508575
5.81 -2.4362506286266603
5.82 -2.463636707741459
5.83 -2.4909255266974535
5.84 -2.518116008178804
5.85 -2.5452070787518544
5.86 -2.572197668907532
5.87 -2.5990867131035476
5.88 -2.625873149806477
5.89 -2.6525559215336694
5.9 -2.6791339748949836
5.91 -2.7056062606343785
5.92 -2.731971733671345
5.93 -2.7582293531421493
5.94 -2.7843780824409397
5.95 -2.8104168892606527
5.96 -2.836344745633781
5.97 -2.8621606279729535
5.98 -2.887863517111339
5.99 -2.9134523983428795
6.0 -2.938926261462365
6.01 -2.964284100805296
6.02 -2.9895249152875927
6.03 -3.0146477084451235
6.04 -3.0396514884730275
6.05 -3.064535268264881
6.06 -3.0892980654516706
6.07 -3.1139389024405633
6.08 -3.138456806453502
6.09 -3.1628508095656214
6.1 -3.1871199487434465
6.11 -3.211263265882922
6.12 -3.235279807847222
6.13 -3.259168626504392
6.14 -3.2829287787647807
6.15 -3.3065593266182605
6.16 -3.3300593371712575
6.17 -3.3534278826835995
6.18 -3.37666404060512
6.19 -3.399766893612096
6.2 -3.4227355296434436
6.21 -3.445569041936741
6.22 -3.4682665290640236
6.23 -3.490827094967364
6.24 -3.5132498489942456
6.25 -3.5355339059327373
6.26 -3.557678386046427
6.27 -3.579682415109154
6.28 -3.601545124439535
6.29 -3.6232656509352337
6.3 -3.6448431371070567
6.31 -3.666276731112799
6.32 -3.6875655867908703
6.33 -3.7087088636936953
6.34 -3.7297057271209106
6.35 -3.7505553481522957
6.36 -3.771256903680519
6.37 -3.7918095764436077
6.38 -3.8122125550572394
6.39 -3.832465034046748
6.4 -3.852566213878947
6.41 -3.8725153009936686
6.42 -3.8923115078351156
6.43 -3.9119540528829404
6.44 -3.931442160683096
6.45 -3.950775061878452
6.46 -3.969951993239176
6.47 -3.9889721976928554
6.48 -4.007834924354382
6.49 -4.02653942855561
6.5 -4.045084971874736
6.51 -4.063470822165468
6.52 -4.081696253585919
6.53 -4.099760546627261
6.54 -4.117662988142137
6.55 -4.135402871372808
6.56 -4.152979495979061
6.57 -4.170392168065855
6.58 -4.187640200210709
6.59 -4.204722911490845
6.6 -4.221639627510074
6.61 -4.238389680425416
6.62 -4.254972408973458
6.63 -4.271387158496475
6.64 -4.287633280968261
6.65 -4.303710135019719
6.66 -4.319617085964175
6.67 -4.335353505822448
6.68 -4.350918773347628
6.69 -4.366312274049601
6.7 -4.381533400219318
6.71 -4.396581550952781
6.72 -4.4114561321747665
6.73 -4.426156556662276
6.74 -4.440682244067723
6.75 -4.455032620941839
6.76 -4.469207120756318
6.77 -4.483205183926179
6.78 -4.4970262578318545
6.79 -4.5106697968410145
6.8 -4.5241352623300966
6.81 -4.537422122705584
6.82 -4.550529853424978
6.83 -4.563457937017514
6.84 -4.576205863104588
6.85 -4.588773128419905
6.86 -4.601159236829352
6.87 -4.6133636993505736
6.88 -4.6253860341722906
6.89 -4.637225766673306
6.9 -4.648882429441257
6.91 -4.660355562291054
6.92 -4.671644712283059
6.93 -4.682749433740962
6.94 -4.693669288269371
6.95 -4.704403844771127
6.96 -4.7149526794643215
6.97 -4.725315375899025
6.98 -4.735491524973721
6.99 -4.745480724951473
7.0 -4.755282581475767
7.01 -4.764896707586093
7.02 -4.774322723733214
7.03 -4.783560257794152
7.04 -4.792608945086879
7.05 -4.801468428384715
7.06 -4.810138357930429
7.07 -4.818618391450048
7.08 -4.82690819416637
7.09 -4.835007438812175
7.1 -4.8429158056431545
7.11 -4.850632982450529
7.12 -4.858158664573369
7.13 -4.865492554910633
7.14 -4.872634363932885
7.15 -4.879583809693737
7.16 -4.8863406178409665
7.17 -4.89290452162736
7.18 -4.899275261921234
7.19 -4.905452587216671
7.2 -4.911436253643443
7.21 -4.917226024976648
7.22 -4.922821672646027
7.23 -4.92822297574499
7.24 -4.9334297210393405
7.25 -4.938441702975688
7.26 -4.94325872368957
7.27 -4.947880593013255
7.28 -4.952307128483256
7.29 -4.956538155347533
7.3 -4.960573506572389
7.31 -4.964413022849068
7.32 -4.968056552600042
7.33 -4.971503951984994
7.34 -4.9747550849065005
7.35 -4.9778098230154
7.36 -4.980668045715863
7.37 -4.983329640170149
7.38 -4.98579450130307
7.39 -4.9880625318061265
7.4 -4.990133642141358
7.41 -4.992007750544875
7.42 -4.993684783030087
7.43 -4.995164673390623
7.44 -4.996447363202947
7.45 -4.997532801828658
7.46 -4.9984209464165
7.47 -4.999111761904045
7.48 -4.99960522101908
7.49 -4.9999013042806855
7.5 -5.0
7.51 -4.9999013042806855
7.52 -4.99960522101908
7.53 -4.999111761904045
7.54 -4.9984209464165
7.55 -4.997532801828658
7.56 -4.996447363202947
7.57 -4.995164673390623
7.58 -4.993684783030087
7.59 -4.992007750544875
7.6 -4.990133642141358
7.61 -4.9880625318061265
7.62 -4.98579450130307
7.63 -4.983329640170149
7.64 -4.980668045715863
7.65 -4.9778098230154
7.66 -4.9747550849065005
7.67 -4.971503951984994
7.68 -4.968056552600042
7.69 -4.964413022849068
7.7 -4.9605735065723895
7.71 -4.956538155347533
7.72 -4.952307128483256
7.73 -4.947880593013255
7.74 -4.94325872368957
7.75 -4.938441702975689
7.76 -4.9334297210393405
7.77 -4.9282229757449905
7.78 -4.922821672646027
7.79 -4.917226024976649
7.8 -4.911436253643443
7.81 -4.905452587216671
7.82 -4.899275261921234
7.83 -4.892904521627361
7.84 -4.886340617840967
7.85 -4.879583809693738
7.86 -4.872634363932885
7.87 -4.865492554910633
7.88 -4.85815866457337
7.89 -4.85063298245053
7.9 -4.842915805643155
7.91 -4.835007438812175
7.92 -4.8269081941663705
7.93 -4.818618391450048
7.94 -4.810138357930429
7.95 -4.801468428384715
7.96 -4.79260894508688
7.97 -4.783560257794152
7.98 -4.774322723733215
7.99 -4.764896707586094
8.0 -4.755282581475768
8.01 -4.745480724951474
8.02 -4.735491524973722
8.03 -4.725315375899025
8.04 -4.714952679464323
8.05 -4.704403844771127
8.06 -4.69366928826937
8.07 -4.682749433740962
8.08 -4.67164471228306
8.09 -4.6603555622910555
8.1 -4.648882429441258
8.11 -4.637225766673309
8.12 -4.625386034172291
8.13 -4.6133636993505736
8.14 -4.601159236829351
8.15 -4.588773128419906
8.16 -4.5762058631045885
8.17 -4.563457937017516
8.18 -4.550529853424979
8.19 -4.5374221227055855
8.2 -4.524135262330099
8.21 -4.510669796841013
8.22 -4.4970262578318545
8.23 -4.48320518392618
8.24 -4.469207120756319
8.25 -4.45503262094184
8.26 -4.440682244067724
8.27 -4.426156556662276
8.28 -4.411456132174767
8.29 -4.396581550952783
8.3 -4.3815334002193165
8.31 -4.3663122740496005
8.32 -4.350918773347629
8.33 -4.335353505822449
8.34 -4.319617085964177
8.35 -4.3037101350197196
8.36 -4.287633280968263
8.37 -4.271387158496477
8.38 -4.254972408973459
8.39 -4.238389680425414
8.4 -4.221639627510075
8.41 -4.204722911490847
8.42 -4.18764020021071
8.43 -4.170392168065856
8.44 -4.152979495979064
8.45 -4.135402871372811
8.46 -4.117662988142135
8.47 -4.0997605466272615
8.48 -4.081696253585921
8.49 -4.063470822165469
8.5 -4.045084971874738
8.51 -4.026539428555612
8.52 -4.007834924354383
8.53 -3.9889721976928567
8.54 -3.969951993239179
8.55 -3.9507750618784505
8.56 -3.931442160683094
8.57 -3.9119540528829417
8.58 -3.892311507835116
8.59 -3.87251530099367
8.6 -3.852566213878948
8.61 -3.8324650340467525
8.62 -3.8122125550572408
8.63 -3.791809576443609
8.64 -3.7712569036805177
8.65 -3.7505553481522975
8.66 -3.7297057271209115
8.67 -3.7087088636936985
8.68 -3.6875655867908703
8.69 -3.666276731112802
8.7 -3.6448431371070606
8.71 -3.623265650935232
8.72 -3.601545124439534
8.73 -3.579682415109157
8.74 -3.557678386046426
8.75 -3.5355339059327386
8.76 -3.5132498489942483
8.77 -3.4908270949673637
8.78 -3.468266529064027
8.79 -3.4455690419367455
8.8 -3.4227355296434414
8.81 -3.3997668936120955
8.82 -3.3766640406051236
8.83 -3.3534278826835995
8.84 -3.330059337171259
8.85 -3.3065593266182614
8.86 -3.282928778764786
8.87 -3.2591686265043958
8.88 -3.235279807847222
8.89 -3.21126326588292
8.9 -3.1871199487434483
8.91 -3.162850809565623
8.92 -3.138456806453505
8.93 -3.113938902440563
8.94 -3.0892980654516737
8.95 -3.064535268264886
8.96 -3.0396514884730252
8.97 -3.0146477084451235
8.98 -2.989524915287596
8.99 -2.964284100805296
9.0 -2.938926261462367
9.01 -2.9134523983428826
9.02 -2.887863517111339
9.03 -2.8621606279729566
9.04 -2.836344745633786
9.05 -2.810416889260651
9.06 -2.7843780824409397
9.07 -2.7582293531421525
9.08 -2.7319717336713447
9.09 -2.7056062606343803
9.1 -2.6791339748949854
9.11 -2.6525559215336743
9.12 -2.625873149806481
9.13 -2.599086713103547
9.14 -2.57219766890753
9.15 -2.545207078751856
9.16 -2.518116008178805
9.17 -2.490925526697457
9.18 -2.4636367077414585
9.19 -2.436250628626664
9.2 -2.4087683705085805
9.21 -2.3811910183396936
9.22 -2.3535196608266626
9.23 -2.325755390387293
9.24 -2.2978993031074384
9.25 -2.2699524986977346
9.26 -2.241916080450164
9.27 -2.2137911551945084
9.28 -2.185578833254667
9.29 -2.157280228404799
9.3 -2.128896457825361
9.31 -2.100428642059031
9.32 -2.071877904966422
9.33 -2.0432453736817444
9.34 -2.0145321785683143
9.35 -1.9857394531739059
9.36 -1.9568683341860167
9.37 -1.9279199613869848
9.38 -1.8988954776090057
9.39 -1.8697960286889996
9.4 -1.8406227634233894
9.41 -1.8113768335227296
9.42 -1.7820593935662565
9.43 -1.752671600956296
9.44 -1.7232146158725878
9.45 -1.6936896012264613
9.46 -1.6640977226149312
9.47 -1.634440148274712
9.48 -1.604718049036049
9.49 -1.5749325982765234
9.5 -1.5450849718747381
9.51 -1.5151763481638727
9.52 -1.4852079078851752
9.53 -1.4551808341413617
9.54 -1.425096312349885
9.55 -1.3949555301961438
9.56 -1.3647596775866258
9.57 -1.3345099466018793
9.58 -1.3042075314494839
9.59 -1.273853628416912
9.6 -1.2434494358242767
9.61 -1.212996153977042
9.62 -1.1824949851186257
9.63 -1.151947133382953
9.64 -1.1213538047469034
9.65 -1.090716206982712
9.66 -1.0600355496102745
9.67 -1.0293130438494098
9.68 -0.9985499025720359
9.69 -0.9677473402543041
9.7 -0.9369065729286279
9.71 -0.9060288181356846
9.72 -0.8751152948763801
9.73 -0.844167223563671
9.74 -0.8131858259744172
9.75 -0.7821723252011556
9.76 -0.7511279456037884
9.77 -0.7200539127612615
9.78 -0.6889514534231929
9.79 -0.6578217954614172
9.8 -0.626666167821519
9.81 -0.5954858004743483
9.82 -0.56428192436741
9.83 -0.5330557713762987
9.84 -0.5018085742560754
9.85 -0.4705415665925745
9.86 -0.4392559827537208
9.87 -0.4079530578407902
9.88 -0.3766340276396636
9.89 -0.34530012857202647
9.9 -0.3139525976465663
9.91 -0.28259267241012404
9.92 -0.2512215908988511
9.93 -0.21984059158932537
9.94 -0.1884509133496755
9.95 -0.15705379539064623
9.96 -0.12565047721668524
9.97 -0.09424219857704069
9.98 -0.06283019941676479
9.99 -0.03141571982779403
10.0 -1.2246467991473533E-15
