0.0 -3.24618059063171E-14 0.0
0.0012422360248447205 0.00897129695444195 -0.45970170072996475
0.002484472049689441 0.040445059667872686 -1.035835828665989
0.0037267080745341614 0.11643767315004029 -1.986789186222607
0.004968944099378882 0.35154732691397245 -4.494864792302224
0.006211180124223603 15.633278488799764 -159.7257693560377
0.007453416149068323 -0.623001878032654 5.296919944317889
0.008695652173913044 -0.3536330929581686 2.572871827075724
0.009937888198757764 -0.2538966810741946 1.6132257606130496
0.011180124223602485 -0.1915904126460012 1.0797174413124793
0.012422360248447206 -0.13995021450598102 0.7080893252986914
0.013664596273291927 -0.08881163522152193 0.4073905927739468
0.014906832298136646 -0.03195406065747419 0.13396161080550353
0.016149068322981366 0.03656331476685329 -0.1410329031746476
0.017391304347826087 0.12464146493250546 -0.44485121444974035
0.018633540372670808 0.24522238148115644 -0.8137457810843205
0.01987577639751553 0.4230522930934042 -1.3107180861822258
0.02111801242236025 0.7139940998021517 -2.072859426682799
0.02236024844720497 1.2785753060871627 -3.4892994690936887
0.02360248447204969 2.847516617579144 -7.325315239146155
0.02484472049689441 29.531326510293503 -71.78969907114612
0.026086956521739132 -4.7786488868610375 11.001553149985083
0.027329192546583853 -2.492507421071759 5.445044061102206
0.028571428571428574 -1.7975607197469823 3.7326732961927322
0.02981366459627329 -1.46193921703673 2.890098408938786
0.031055900621118012 -1.2645268817265882 2.383212965721371
0.03229813664596273 -1.1347484477377243 2.041395678139041
0.03354037267080746 -1.0430869977744928 1.793186465868124
0.034782608695652174 -0.9750162541418999 1.6033459217326669
0.0360248447204969 -0.9225558249714505 1.4524621367724404
0.037267080745341616 -0.8809572622199364 1.328945700399402
0.03850931677018634 -0.8472183879174772 1.2254394931118395
0.03975155279503106 -0.8193482028469088 1.1370412683615028
0.040993788819875775 -0.7959743134019897 1.06035369627398
0.0422360248447205 -0.7761200873375377 0.9929445922954688
0.043478260869565216 -0.759071674401951 0.9330244280238259
0.04472049689440994 -0.7442952720551655 0.8792454030093769
0.04596273291925466 -0.7313837977096885 0.8305717152679768
0.04720496894409938 -0.7200214543071821 0.7861931941266391
0.0484472049689441 -0.7099595551271883 0.7454662474666001
0.04968944099378882 -0.7009996435961744 0.7078725280282441
0.05093167701863354 -0.6929814627765694 0.6729893956672363
0.052173913043478265 -0.6857742232811957 0.6404684149624594
0.05341614906832298 -0.6792701607112789 0.6100194400491994
0.054658385093167706 -0.6733797116759732 0.5813986568460479
0.055900621118012424 -0.6680278531456797 0.5543994755021567
0.05714285714285715 -0.6631512905888765 0.5288455070477157
0.058385093167701865 -0.6586962739394923 0.5045850853668683
0.05962732919254658 -0.6546168838208262 0.4814869496018834
0.06086956521739131 -0.6508736740886852 0.4594368081869929
0.062111801242236024 -0.6474325872557832 0.43833457996542596
0.06335403726708075 -0.6442640809620942 0.4180921605064745
0.06459627329192547 -0.6413424191788697 0.398631599602182
0.06583850931677018 -0.6386450930817623 0.37988360346525596
0.06708074534161491 -0.6361523448274827 0.36178629539102647
0.06832298136645963 -0.6338467735880075 0.3442841837190603
0.06956521739130435 -0.6317130078111397 0.3273272972120014
0.07080745341614907 -0.6297374311530619 0.31087045655113604
0.0720496894409938 -0.6279079521652893 0.2948726571531897
0.07329192546583851 -0.6262138098935122 0.27929654357863065
0.07453416149068323 -0.6246454090852852 0.26410795968967216
0.07577639751552795 -0.6231941799589741 0.24927556177606744
0.07701863354037268 -0.6218524584479979 0.23477048426140654
0.0782608695652174 -0.6206133836050352 0.22056604952073264
0.07950310559006211 -0.6194708094452932 0.206637514831842
0.08074534161490683 -0.6184192290077672 0.19296185071130234
0.08198757763975155 -0.6174537087994052 0.17951754586509885
0.08322981366459628 -0.6165698321065317 0.16628443475785754
0.084472049689441 -0.6157636499123101 0.15324354446992028
0.08571428571428572 -0.6150316383722005 0.14037695800203423
0.08695652173913043 -0.6143706619701711 0.127667691665549
0.08819875776397516 -0.6137779416278478 0.11509958449615712
0.08944099378881988 -0.6132510271513969 0.10265719795647163
0.0906832298136646 -0.6127877734946742 0.09032572441222322
0.09192546583850932 -0.6123863204311656 0.07809090308752452
0.09316770186335405 -0.6120450752468383 0.06593894232536883
0.09440993788819876 -0.6117626981810634 0.05385644717239819
0.09565217391304348 -0.6115380903584973 0.041830351354126015
0.0968944099378882 -0.6113703840136202 0.02984785285402326
0.09813664596273293 -0.6112589348509982 0.017896352335393745
0.09937888198757765 -0.6112033164233996 0.005963393717407066
0.10062111801242236 -0.6112033164241351 -0.005963393717670071
0.10186335403726708 -0.6112589348515525 -0.017896352334679427
0.1031055900621118 -0.6113703840131539 -0.029847852855007444
0.10434782608695653 -0.6115380903589336 -0.041830351354230265
0.10559006211180125 -0.6117626981811174 -0.053856447172997764
0.10683229813664596 -0.6120450752471532 -0.0659389423264483
0.10807453416149068 -0.6123863204313068 -0.07809090308762577
0.10931677018633541 -0.612787773494887 -0.09032572441262801
0.11055900621118013 -0.613251027151545 -0.10265719795638625
0.11180124223602485 -0.6137779416280049 -0.11509958449666016
0.11304347826086956 -0.6143706619695191 -0.1276676916654019
0.1142857142857143 -0.6150316383715239 -0.140376958001205
0.11552795031055901 -0.6157636499119202 -0.15324354446959465
0.11677018633540373 -0.6165698321062397 -0.1662844347582229
0.11801242236024845 -0.6174537087991114 -0.17951754586468285
0.11925465838509317 -0.61841922900714 -0.19296185071156124
0.1204968944099379 -0.6194708094452402 -0.20663751483093407
0.12173913043478261 -0.6206133836046143 -0.22056604952064415
0.12298136645962733 -0.6218524584472692 -0.23477048426124444
0.12422360248447205 -0.6231941799584755 -0.24927556177565466
0.12546583850931678 -0.6246454090860283 -0.26410795968894785
0.1267080745341615 -0.6262138098935859 -0.2792965435783912
0.12795031055900621 -0.627907952164027 -0.29487265715272365
0.12919254658385093 -0.6297374311535461 -0.3108704565507597
0.13043478260869565 -0.6317130078117436 -0.3273272972117245
0.13167701863354037 -0.6338467735878415 -0.34428418371885333
0.1329192546583851 -0.636152344827478 -0.3617862953916844
0.13416149068322983 -0.6386450930815974 -0.37988360346523475
0.13540372670807455 -0.6413424191784287 -0.3986315996019524
0.13664596273291926 -0.6442640809621869 -0.4180921605058104
0.13788819875776398 -0.647432587255734 -0.43833457996568354
0.1391304347826087 -0.6508736740884253 -0.45943680818659877
0.14037267080745341 -0.6546168838210247 -0.4814869496024689
0.14161490683229813 -0.6586962739393273 -0.5045850853673589
0.14285714285714285 -0.663151290588769 -0.5288455070476678
0.1440993788819876 -0.6680278531461513 -0.5543994755026723
0.1453416149068323 -0.6733797116748657 -0.5813986568460874
0.14658385093167703 -0.679270160711204 -0.610019440049077
0.14782608695652175 -0.6857742232814329 -0.6404684149623451
0.14906832298136646 -0.6929814627772335 -0.6729893956671607
0.15031055900621118 -0.7009996435966882 -0.7078725280282129
0.1515527950310559 -0.7099595551269348 -0.745466247467191
0.15279503105590062 -0.7200214543070218 -0.7861931941264583
0.15403726708074536 -0.7313837977104393 -0.8305717152677701
0.15527950310559008 -0.7442952720558974 -0.879245403008876
0.1565217391304348 -0.7590716744024286 -0.9330244280251757
0.1577639751552795 -0.7761200873378027 -0.9929445922962853
0.15900621118012423 -0.7959743134018338 -1.0603536962738505
0.16024844720496895 -0.8193482028463991 -1.1370412683615556
0.16149068322981366 -0.8472183879169273 -1.2254394931129617
0.16273291925465838 -0.8809572622192036 -1.3289457003995138
0.1639751552795031 -0.9225558249715555 -1.452462136771892
0.16521739130434784 -0.9750162541413424 -1.6033459217328856
0.16645962732919256 -1.043086997774428 -1.7931864658687378
0.16770186335403728 -1.1347484477366307 -2.041395678139781
0.168944099378882 -1.2645268817257054 -2.383212965719369
0.1701863354037267 -1.4619392170371452 -2.8900984089384227
0.17142857142857143 -1.7975607197466386 -3.7326732961922127
0.17267080745341615 -2.4925074210715232 -5.4450440611023305
0.17391304347826086 -4.778648886860343 -11.001553149984954
0.1751552795031056 29.531326510291645 71.78969907114569
0.17639751552795033 2.847516617578976 7.325315239145337
0.17763975155279504 1.2785753060861391 3.48929946909399
0.17888198757763976 0.7139940998026576 2.072859426683283
0.18012422360248448 0.42305229309162196 1.3107180861815404
0.1813664596273292 0.24522238148112346 0.8137457810845694
0.1826086956521739 0.12464146493221091 0.4448512144498286
0.18385093167701863 0.036563314766861615 0.1410329031749388
0.18509316770186335 -0.03195406065636308 -0.13396161080449334
0.1863354037267081 -0.08881163522077741 -0.4073905927742662
0.1875776397515528 -0.1399502145045747 -0.7080893252981182
0.18881987577639753 -0.1915904126478131 -1.0797174413120882
0.19006211180124225 -0.25389668107425767 -1.6132257606121154
0.19130434782608696 -0.35363309295892154 -2.5728718270754656
0.19254658385093168 -0.6230018780321959 -5.296919944317209
0.1937888198757764 15.633278488796396 159.72576935603783
0.19503105590062111 0.3515473269135883 4.494864792301148
0.19627329192546586 0.11643767314980182 1.986789186221538
0.19751552795031058 0.0404450596679766 1.0358358286661777
0.1987577639751553 0.008971296954431735 0.45970170072860755
