s2
10.0
0.0
10.0
5.0
0.2
0.0
0.0
0
0
0
0.0
0.0
0.0 -2.4492935982947064E-16
0.0625 1.0972874252188038
0.125 1.7653668647301792
0.1875 1.8182472472257518
0.25 1.414213562373095
0.3125 0.9558324434185428
0.375 0.8477590650225733
0.4375 1.254463779619913
0.5 1.9999999999999996
0.5625 2.668677341993008
0.625 2.847759065022573
0.6875 2.3700460057916386
0.75 1.4142135623730954
0.8125 0.4040336848526562
0.875 -0.23463313526982044
0.9375 -0.31692613715429147
1.0 -4.898587196589413E-16
1.0625 0.31692613715429085
1.125 0.23463313526982044
1.1875 -0.40403368485265556
1.25 -1.4142135623730945
1.3125 -2.3700460057916386
1.375 -2.847759065022573
1.4375 -2.6686773419930097
1.5 -2.0000000000000013
1.5625 -1.2544637796199134
1.625 -0.8477590650225735
1.6875 -0.9558324434185423
1.75 -1.4142135623730947
1.8125 -1.8182472472257523
1.875 -1.765366864730181
1.9375 -1.0972874252188065
2.0 -1.7145055188062944E-15
2.0625 1.0972874252188038
2.125 1.7653668647301797
2.1875 1.8182472472257523
2.25 1.4142135623730956
2.3125 0.9558324434185429
2.375 0.8477590650225728
2.4375 1.2544637796199114
2.5 1.9999999999999984
2.5625 2.668677341993006
2.625 2.847759065022573
2.6875 2.37004600579164
2.75 1.4142135623731014
2.8125 0.4040336848526572
2.875 -0.23463313526981922
2.9375 -0.31692613715429097
3.0 -9.797174393178826E-16
3.0625 0.31692613715428986
3.125 0.2346331352698201
3.1875 -0.40403368485265445
3.25 -1.414213562373098
3.3125 -2.3700460057916377
3.375 -2.847759065022573
3.4375 -2.668677341993008
3.5 -2.000000000000002
3.5625 -1.2544637796199172
3.625 -0.8477590650225737
3.6875 -0.9558324434185419
3.75 -1.4142135623730918
3.8125 -1.8182472472257518
3.875 -1.7653668647301815
3.9375 -1.0972874252188034
4.0 -3.1840816777831186E-15
4.0625 1.0972874252187983
4.125 1.7653668647301792
4.1875 1.8182472472257527
4.25 1.4142135623730938
4.3125 0.9558324434185431
4.375 0.8477590650225726
4.4375 1.2544637796199134
4.5 1.9999999999999976
4.5625 2.668677341993005
4.625 2.8477590650225735
4.6875 2.370046005791641
4.75 1.4142135623731027
4.8125 0.40403368485265834
4.875 -0.23463313526981877
4.9375 -0.31692613715429113
5.0 -1.469576158976824E-15
5.0625 0.3169261371542897
5.125 0.23463313526982388
5.1875 -0.4040336848526612
5.25 -1.4142135623730965
5.3125 -2.370046005791637
5.375 -2.847759065022573
5.4375 -2.668677341993013
5.5 -2.00000000000001
5.5625 -1.254463779619912
5.625 -0.8477590650225739
5.6875 -0.9558324434185417
5.75 -1.4142135623730911
5.8125 -1.8182472472257496
5.875 -1.7653668647301788
5.9375 -1.0972874252188045
6.0 -4.653657836759942E-15
6.0625 1.0972874252187972
6.125 1.7653668647301755
6.1875 1.8182472472257507
6.25 1.4142135623730947
6.3125 0.9558324434185436
6.375 0.8477590650225724
6.4375 1.2544637796199072
6.5 2.0000000000000036
6.5625 2.6686773419930088
6.625 2.847759065022574
6.6875 2.3700460057916417
6.75 1.4142135623731042
6.8125 0.40403368485266733
6.875 -0.23463313526982155
6.9375 -0.31692613715429135
7.0 -1.959434878635765E-15
7.0625 0.31692613715428947
7.125 0.23463313526982432
7.1875 -0.4040336848526601
7.25 -1.4142135623730954
7.3125 -2.370046005791636
7.375 -2.847759065022573
7.4375 -2.6686773419930137
7.5 -2.000000000000011
7.5625 -1.254463779619913
7.625 -0.8477590650225741
7.6875 -0.9558324434185412
7.75 -1.4142135623730905
7.8125 -1.8182472472257492
7.875 -1.7653668647301792
7.9375 -1.0972874252188056
8.0 -6.123233995736766E-15
8.0625 1.0972874252187959
8.125 1.765366864730175
8.1875 1.8182472472257512
8.25 1.4142135623730951
8.3125 0.955832443418544
8.375 0.8477590650225721
8.4375 1.2544637796199063
8.5 2.0000000000000027
8.5625 2.6686773419930083
8.625 2.847759065022574
8.6875 2.3700460057916426
8.75 1.4142135623731054
8.8125 0.40403368485266844
8.875 -0.2346331352698211
8.9375 -0.31692613715429163
9.0 -2.4492935982947065E-15
9.0625 0.3169261371542892
9.125 0.23463313526982477
9.1875 -0.4040336848526591
9.25 -1.414213562373094
9.3125 -2.3700460057916346
9.375 -2.8477590650225726
9.4375 -2.668677341993014
9.5 -2.000000000000012
9.5625 -1.2544637796199138
9.625 -0.8477590650225744
9.6875 -0.9558324434185408
9.75 -1.4142135623730898
9.8125 -1.818247247225749
9.875 -1.7653668647301797
9.9375 -1.097287425218807
10.0 -7.59281015471359E-15
