sin
2.0
0.0
10.0
0.1
10.0
0.0
0.0
0
0
0
100.0
0.0
0.0 0.0
0.01 1.1755705045849463
0.02 1.902113032590307
0.03 1.9021130325903073
0.04 1.1755705045849465
0.05 2.4492935982947064E-16
0.06 -1.175570504584946
0.07 -1.902113032590307
0.08 -1.9021130325903073
0.09 -1.1755705045849467
0.1 -4.898587196589413E-16
0.11 1.1755705045849458
0.12 1.902113032590307
0.13 1.9021130325903073
0.14 1.1755705045849467
0.15 7.347880794884119E-16
0.16 -1.1755705045849456
0.17 -1.9021130325903068
0.18 -1.9021130325903075
0.19 -1.175570504584947
0.2 -9.797174393178826E-16
0.21 1.1755705045849454
0.22 1.9021130325903068
0.23 1.9021130325903075
0.24 1.1755705045849472
0.25 1.2246467991473533E-15
0.26 -1.1755705045849452
0.27 -1.9021130325903068
0.28 -1.9021130325903075
0.29 -1.1755705045849474
0.3 -1.4695761589768238E-15
0.31 1.175570504584945
0.32 1.9021130325903066
0.33 1.9021130325903077
0.34 1.1755705045849476
0.35 1.7145055188062944E-15
0.36 -1.175570504584945
0.37 -1.9021130325903066
0.38 -1.9021130325903077
0.39 -1.1755705045849478
0.4 -1.959434878635765E-15
0.41 1.1755705045849447
0.42 1.9021130325903064
0.43 1.9021130325903077
0.44 1.175570504584948
0.45 2.204364238465236E-15
0.46 -1.1755705045849445
0.47 -1.9021130325903064
0.48 -1.902113032590308
0.49 -1.1755705045849483
0.5 -2.4492935982947065E-15
0.51 1.17557050458495
0.52 1.9021130325903064
0.53 1.9021130325903057
0.54 1.1755705045849485
0.55 -4.411204399476825E-15
0.56 -1.175570504584944
0.57 -1.9021130325903042
0.58 -1.902113032590308
0.59 -1.1755705045849543
0.6 -2.9391523179536475E-15
0.61 1.175570504584938
0.62 1.9021130325903062
0.63 1.902113032590306
0.64 1.1755705045849487
0.65 -3.921345679817883E-15
0.66 -1.1755705045849436
0.67 -1.9021130325903084
0.68 -1.9021130325903082
0.69 -1.1755705045849547
0.7 -3.429011037612589E-15
0.71 1.1755705045849376
0.72 1.902113032590306
0.73 1.9021130325903104
0.74 1.1755705045849492
0.75 1.0779367755043061E-14
0.76 -1.1755705045849432
0.77 -1.9021130325903082
0.78 -1.9021130325903084
0.79 -1.1755705045849436
0.8 -3.91886975727153E-15
0.81 1.1755705045849487
0.82 1.902113032590306
0.83 1.9021130325903106
0.84 1.1755705045849496
0.85 1.1269226474702003E-14
0.86 -1.175570504584943
0.87 -1.9021130325903037
0.88 -1.9021130325903084
0.89 -1.175570504584944
0.9 -4.408728476930472E-15
0.91 1.1755705045849485
0.92 1.9021130325903057
0.93 1.9021130325903064
0.94 1.17557050458495
0.95 1.1759085194360944E-14
0.96 -1.1755705045849425
0.97 -1.9021130325903035
0.98 -1.9021130325903086
0.99 -1.175570504584956
1.0 -4.898587196589413E-15
1.01 1.175570504584948
1.02 1.90211303259031
1.03 1.9021130325903108
1.04 1.1755705045849503
1.05 -1.9619108011821185E-15
1.06 -1.1755705045849536
1.07 -1.9021130325903122
1.08 -1.9021130325903088
1.09 -1.175570504584945
1.1 8.82240879895365E-15
1.11 1.1755705045849592
1.12 1.9021130325903055
1.13 1.9021130325903155
1.14 1.1755705045849623
1.15 1.2738802633678827E-14
1.16 -1.1755705045849416
1.17 -1.9021130325902988
1.18 -1.9021130325903133
1.19 -1.1755705045849567
1.2 -5.878304635907295E-15
1.21 1.1755705045849472
1.22 1.9021130325903008
1.23 1.9021130325903113
1.24 1.1755705045849512
1.25 -9.82193361864236E-16
1.26 -1.1755705045849527
1.27 -1.902113032590303
1.28 -1.902113032590309
1.29 -1.1755705045849456
1.3 7.842691359635767E-15
1.31 1.1755705045849354
1.32 1.902113032590305
1.33 1.902113032590307
1.34 1.17557050458494
1.35 -1.4703189357407298E-14
1.36 -1.175570504584941
1.37 -1.9021130325903073
1.38 -1.9021130325903137
1.39 -1.1755705045849576
1.4 -6.858022075225178E-15
1.41 1.1755705045849234
1.42 1.9021130325903006
1.43 1.9021130325903115
1.44 1.175570504584952
1.45 -2.475922546353431E-18
1.46 -1.175570504584929
1.47 -1.9021130325903026
1.48 -1.9021130325903093
1.49 -1.1755705045849465
1.5 -2.1558735510086122E-14
1.51 1.1755705045849345
1.52 1.9021130325903048
1.53 1.9021130325903073
1.54 1.175570504584941
1.55 1.469823751231459E-14
1.56 -1.17557050458494
1.57 -1.902113032590307
1.58 -1.902113032590305
1.59 -1.1755705045849354
1.6 -7.83773951454306E-15
1.61 1.1755705045849456
1.62 1.902113032590309
1.63 1.9021130325903117
1.64 1.1755705045849527
1.65 2.939895094717554E-14
1.66 -1.175570504584928
1.67 -1.9021130325903024
1.68 -1.9021130325903097
1.69 -1.1755705045849472
1.7 -2.2538452949404006E-14
1.71 1.1755705045849338
1.72 1.9021130325903046
1.73 1.9021130325903075
1.74 1.1755705045849647
1.75 1.5677954951632475E-14
1.76 -1.1755705045849392
1.77 -1.9021130325903066
1.78 -1.9021130325903055
1.79 -1.1755705045849592
1.8 -8.817456953860943E-15
1.81 1.175570504584945
1.82 1.9021130325903088
1.83 1.9021130325903033
1.84 1.1755705045849536
1.85 1.9569589560894117E-15
1.86 -1.1755705045849503
1.87 -1.9021130325903108
1.88 -1.90211303259031
1.89 -1.175570504584971
1.9 -2.3518170388721888E-14
1.91 1.175570504584933
1.92 1.9021130325903042
1.93 1.9021130325903166
1.94 1.1755705045849654
1.95 1.6657672390950356E-14
1.96 -1.1755705045849385
1.97 -1.9021130325903064
1.98 -1.9021130325903146
1.99 -1.1755705045849598
2.0 -9.797174393178826E-15
2.01 1.175570504584921
2.02 1.9021130325903084
2.03 1.9021130325903213
2.04 1.1755705045849314
2.05 3.13583858258113E-14
2.06 -1.1755705045849265
2.07 -1.9021130325903017
2.08 -1.9021130325903104
2.09 -1.1755705045849487
2.1 3.923821602364237E-15
2.11 1.1755705045849092
2.12 1.9021130325903126
2.13 1.902113032590317
2.14 1.1755705045849203
2.15 1.763738983026824E-14
2.16 -1.1755705045849376
2.17 -1.902113032590306
2.18 -1.902113032590306
2.19 -1.1755705045849376
2.2 1.76448175979073E-14
2.21 1.1755705045849203
2.22 1.902113032590317
2.23 1.9021130325903126
2.24 1.1755705045849552
2.25 3.9163938347251765E-15
2.26 -1.1755705045849028
2.27 -1.9021130325903104
2.28 -1.9021130325903193
2.29 -1.1755705045849725
2.3 -2.5477605267357653E-14
2.31 1.1755705045849314
2.32 1.9021130325903037
2.33 1.9021130325903084
2.34 1.17557050458499
2.35 -9.804602160817886E-15
2.36 -1.1755705045849139
2.37 -1.9021130325903146
2.38 -1.902113032590315
2.39 -1.1755705045849614
2.4 -1.175660927181459E-14
2.41 1.1755705045849425
2.42 1.902113032590308
2.43 1.9021130325903042
2.44 1.175570504584979
2.45 -2.352559815636095E-14
2.46 -1.175570504584925
2.47 -1.9021130325903188
2.48 -1.9021130325903108
2.49 -1.1755705045849503
2.5 1.964386723728472E-15
2.51 1.1755705045849076
2.52 1.9021130325903122
2.53 1.9021130325903175
2.54 1.1755705045849678
2.55 1.9596824708904003E-14
2.56 -1.175570504584936
2.57 -1.9021130325903055
2.58 -1.9021130325903066
2.59 -1.1755705045849854
2.6 1.5685382719271533E-14
2.61 1.1755705045849187
2.62 1.9021130325902988
2.63 1.9021130325903133
2.64 1.1755705045849567
2.65 5.875828713360942E-15
2.66 -1.1755705045849472
2.67 -1.9021130325902922
2.68 -1.9021130325903024
2.69 -1.1755705045849743
2.7 2.9406378714814596E-14
2.71 1.1755705045849298
2.72 1.902113032590303
2.73 1.902113032590309
2.74 1.1755705045849456
2.75 -7.84516728218212E-15
2.76 -1.1755705045849123
2.77 -1.9021130325902964
2.78 -1.9021130325903157
2.79 -1.1755705045849631
2.8 -1.3716044150450356E-14
2.81 1.175570504584941
2.82 1.9021130325902897
2.83 1.9021130325903048
2.84 1.1755705045849805
2.85 -2.1566163277725183E-14
2.86 -1.1755705045849234
2.87 -1.9021130325903006
2.88 -1.9021130325903115
2.89 -1.175570504584952
2.9 4.951845092706862E-18
2.91 1.175570504584952
2.92 1.902113032590294
2.93 1.9021130325903006
2.94 1.1755705045849694
2.95 -3.5287159273268247E-14
2.96 -1.1755705045849345
2.97 -1.9021130325903048
2.98 -1.9021130325903073
2.99 -1.175570504584941
3.0 -4.3117471020172244E-14
3.01 1.175570504584917
3.02 1.9021130325902982
3.03 1.902113032590314
3.04 1.1755705045849583
3.05 6.467868245280473E-14
3.06 -1.1755705045849456
3.07 -1.9021130325902915
3.08 -1.902113032590303
3.09 -1.1755705045849758
3.1 -2.939647502462918E-14
3.11 1.175570504584928
3.12 1.9021130325903024
3.13 1.9021130325903097
3.14 1.1755705045849472
3.15 5.095768645726166E-14
3.16 -1.1755705045849567
3.17 -1.9021130325902957
3.18 -1.9021130325902988
3.19 -1.1755705045849647
3.2 -1.567547902908612E-14
3.21 1.1755705045849392
3.22 1.9021130325903066
3.23 1.9021130325903055
3.24 1.175570504584936
3.25 3.7236690461718594E-14
3.26 -1.1755705045849218
3.27 -1.9021130325903
3.28 -1.9021130325903122
3.29 -1.1755705045849536
3.3 -5.879790189435108E-14
3.31 1.1755705045849503
3.32 1.9021130325902933
3.33 1.9021130325903013
3.34 1.175570504584971
3.35 2.3515694466175534E-14
3.36 -1.175570504584933
3.37 -1.9021130325903042
3.38 -1.902113032590308
3.39 -1.1755705045849425
3.4 -4.507690589880801E-14
3.41 1.1755705045849614
3.42 1.9021130325902975
3.43 1.9021130325903146
3.44 1.1755705045849598
3.45 9.794698470632472E-15
3.46 -1.175570504584944
3.47 -1.9021130325903084
3.48 -1.9021130325903213
3.49 -1.1755705045849314
3.5 -3.135590990326495E-14
3.51 1.1755705045849265
3.52 1.9021130325903017
3.53 1.902113032590328
3.54 1.1755705045849487
3.55 5.2917121335897426E-14
3.56 -1.1755705045849552
3.57 -1.902113032590295
3.58 -1.902113032590317
3.59 -1.1755705045849663
3.6 -1.7634913907721887E-14
3.61 1.1755705045849376
3.62 1.902113032590306
3.63 1.9021130325903237
3.64 1.1755705045849376
3.65 3.919612534035436E-14
3.66 -1.1755705045849663
3.67 -1.9021130325902993
3.68 -1.9021130325903126
3.69 -1.1755705045849552
3.7 -3.9139179121788235E-15
3.71 1.1755705045849487
3.72 1.9021130325903104
3.73 1.9021130325903193
3.74 1.1755705045849265
3.75 2.54751293448113E-14
3.76 -1.1755705045849314
3.77 -1.9021130325903037
3.78 -1.902113032590326
3.79 -1.175570504584944
3.8 -4.7036340777443775E-14
3.81 1.1755705045849139
3.82 1.902113032590297
3.83 1.902113032590315
3.84 1.1755705045849614
3.85 1.1754133349268238E-14
3.86 -1.1755705045848965
3.87 -1.902113032590308
3.88 -1.9021130325903217
3.89 -1.175570504584933
3.9 -3.331534478190071E-14
3.91 1.175570504584925
3.92 1.9021130325903013
3.93 1.9021130325903108
3.94 1.1755705045849503
3.95 -1.9668626462748253E-15
3.96 -1.1755705045849076
3.97 -1.9021130325903122
3.98 -1.9021130325903175
3.99 -1.1755705045849218
4.0 -1.9594348786357652E-14
4.01 1.17557050458489
4.02 1.902113032590288
4.03 1.9021130325903066
4.04 1.1755705045849392
4.05 4.1155560218990125E-14
4.06 -1.1755705045848728
4.07 -1.9021130325903164
4.08 -1.9021130325902957
4.09 -1.1755705045849567
4.1 -6.27167716516226E-14
4.11 1.1755705045849472
4.12 1.9021130325902922
4.13 1.9021130325903024
4.14 1.1755705045849743
4.15 -2.9408854637360953E-14
4.16 -1.1755705045849298
4.17 -1.9021130325902855
4.18 -1.902113032590309
4.19 -1.1755705045848996
4.2 7.847643204728474E-15
4.21 1.1755705045849123
4.22 1.9021130325902789
4.23 1.9021130325902806
4.24 1.175570504584917
4.25 1.3713568227904002E-14
4.26 -1.1755705045848948
4.27 -1.9021130325902722
4.28 -1.9021130325902873
4.29 -1.1755705045849345
4.3 -3.527477966053648E-14
4.31 1.1755705045848774
4.32 1.9021130325903006
4.33 1.902113032590294
4.34 1.175570504584952
4.35 5.6835991093168957E-14
4.36 -1.175570504584952
4.37 -1.902113032590294
4.38 -1.9021130325903006
4.39 -1.1755705045849694
4.4 3.52896351958146E-14
4.41 1.1755705045849345
4.42 1.9021130325902873
4.43 1.9021130325903424
4.44 1.1755705045848948
4.45 -1.3728423763182123E-14
4.46 -1.175570504584917
4.47 -1.9021130325902806
4.48 -1.902113032590314
4.49 -1.1755705045849123
4.5 -7.832787669450353E-15
4.51 1.1755705045848996
4.52 1.902113032590274
4.53 1.9021130325903206
4.54 1.1755705045849298
4.55 2.939399910208283E-14
4.56 -1.175570504584882
4.57 -1.9021130325903024
4.58 -1.9021130325903273
4.59 -1.1755705045849472
4.6 -5.0955210534715306E-14
4.61 1.1755705045849567
4.62 1.9021130325902957
4.63 1.902113032590334
4.64 1.1755705045849647
4.65 -4.117041575426825E-14
4.66 -1.1755705045849394
4.67 -1.902113032590289
4.68 -1.9021130325903406
4.69 -1.17557050458489
4.7 1.9609204321635772E-14
4.71 1.1755705045849218
4.72 1.9021130325902824
4.73 1.9021130325903122
4.74 1.1755705045849076
4.75 1.952007110996705E-15
4.76 -1.1755705045849043
4.77 -1.9021130325902758
4.78 -1.9021130325903188
4.79 -1.175570504584925
4.8 -2.351321854362918E-14
4.81 1.175570504584887
4.82 1.9021130325903042
4.83 1.9021130325903255
4.84 1.1755705045849425
4.85 4.5074429976261656E-14
4.86 -1.1755705045849614
4.87 -1.9021130325902975
4.88 -1.9021130325903322
4.89 -1.1755705045849598
4.9 4.70511963127219E-14
4.91 1.175570504584944
4.92 1.9021130325902909
4.93 1.9021130325903388
4.94 1.1755705045848854
4.95 -2.548998488008942E-14
4.96 -1.1755705045849265
4.97 -1.9021130325902842
4.98 -1.9021130325903104
4.99 -1.1755705045849028
5.0 3.928773447456944E-15
5.01 1.1755705045849092
5.02 1.9021130325902775
5.03 1.902113032590317
5.04 1.1755705045849203
5.05 1.7632437985175533E-14
5.06 -1.1755705045848917
5.07 -1.902113032590306
5.08 -1.9021130325903237
5.09 -1.1755705045849376
5.1 -3.9193649417808005E-14
5.11 1.1755705045849663
5.12 1.9021130325902993
5.13 1.9021130325903304
5.14 1.1755705045849552
5.15 -5.293197687117554E-14
5.16 -1.1755705045849487
5.17 -1.9021130325902926
5.18 -1.902113032590337
5.19 -1.1755705045849725
5.2 3.1370765438543066E-14
5.21 1.1755705045849314
5.22 1.902113032590286
5.23 1.9021130325903084
5.24 1.17557050458499
5.25 -9.809554005910592E-15
5.26 -1.1755705045849139
5.27 -1.9021130325902793
5.28 -1.902113032590315
5.29 -1.1755705045850076
5.3 -1.1751657426721884E-14
5.31 1.1755705045848965
5.32 1.902113032590308
5.33 1.9021130325903217
5.34 1.1755705045850249
5.35 3.331286885935436E-14
5.36 -1.175570504584971
5.37 -1.9021130325903013
5.38 -1.9021130325903284
5.39 -1.1755705045850424
5.4 5.881275742962919E-14
5.41 1.1755705045849536
5.42 1.9021130325902946
5.43 1.902113032590335
5.44 1.1755705045849678
5.45 -3.7251545996996717E-14
5.46 -1.175570504584936
5.47 -1.902113032590288
5.48 -1.9021130325903066
5.49 -1.1755705045849854
5.5 1.569033456436424E-14
5.51 1.1755705045849187
5.52 1.9021130325902813
5.53 1.9021130325903133
5.54 1.1755705045850027
5.55 5.870876868268235E-15
5.56 -1.1755705045849012
5.57 -1.9021130325903097
5.58 -1.90211303259032
5.59 -1.1755705045850202
5.6 -2.743208830090071E-14
5.61 1.1755705045849758
5.62 1.902113032590303
5.63 1.9021130325903266
5.64 1.1755705045850375
5.65 -6.469353798808284E-14
5.66 -1.1755705045849583
5.67 -1.9021130325902964
5.68 -1.9021130325903333
5.69 -1.1755705045849631
5.7 4.313232655545037E-14
5.71 1.175570504584941
5.72 1.9021130325902897
5.73 1.9021130325903048
5.74 1.1755705045849805
5.75 -2.157111512281789E-14
5.76 -1.1755705045849234
5.77 -1.902113032590283
5.78 -1.9021130325903115
5.79 -1.175570504584998
5.8 9.903690185413723E-18
5.81 1.175570504584906
5.82 1.9021130325903115
5.83 1.9021130325903182
5.84 1.1755705045850153
5.85 2.1551307742447064E-14
5.86 -1.1755705045849805
5.87 -1.9021130325903048
5.88 -1.9021130325903248
5.89 -1.1755705045850329
5.9 7.057431854653649E-14
5.91 1.1755705045849631
5.92 1.9021130325902982
5.93 1.9021130325903315
5.94 1.1755705045849583
5.95 -4.901310711390402E-14
5.96 -1.1755705045849456
5.97 -1.9021130325902915
5.98 -1.902113032590303
5.99 -1.1755705045849758
6.0 -8.623494204034449E-14
6.01 1.175570504584928
6.02 1.9021130325902849
6.03 1.9021130325903097
6.04 1.1755705045849931
6.05 1.0779615347297696E-13
6.06 -1.1755705045849107
6.07 -1.9021130325903133
6.08 -1.9021130325903164
6.09 -1.1755705045850107
6.1 -1.2935736490560945E-13
6.11 1.1755705045849854
6.12 1.9021130325903066
6.13 1.902113032590323
6.14 1.175570504585028
6.15 3.723173861662589E-14
6.16 -1.1755705045849678
6.17 -1.9021130325903
6.18 -1.9021130325903297
6.19 -1.1755705045849536
6.2 -5.879295004925836E-14
6.21 1.1755705045849503
6.22 1.9021130325902933
6.23 1.9021130325903013
6.24 1.175570504584971
6.25 8.035416148189084E-14
6.26 -1.175570504584933
6.27 -1.9021130325902866
6.28 -1.902113032590308
6.29 -1.1755705045849885
6.3 -1.0191537291452331E-13
6.31 1.1755705045849154
6.32 1.902113032590315
6.33 1.9021130325903146
6.34 1.1755705045850058
6.35 1.234765843471558E-13
6.36 -1.17557050458499
6.37 -1.9021130325903084
6.38 -1.9021130325903213
6.39 -1.1755705045850233
6.4 -3.135095805817224E-14
6.41 1.1755705045849725
6.42 1.9021130325903017
6.43 1.902113032590328
6.44 1.1755705045849487
6.45 5.291216949080472E-14
6.46 -1.1755705045849552
6.47 -1.902113032590295
6.48 -1.9021130325902993
6.49 -1.1755705045849663
6.5 -7.447338092343719E-14
6.51 1.1755705045849376
6.52 1.9021130325902884
6.53 1.902113032590306
6.54 1.1755705045849836
6.55 9.603459235606968E-14
6.56 -1.1755705045849203
6.57 -1.902113032590317
6.58 -1.9021130325903126
6.59 -1.1755705045850011
6.6 -1.1759580378870215E-13
6.61 1.1755705045849947
6.62 1.9021130325903104
6.63 1.9021130325903193
6.64 1.1755705045850187
6.65 2.5470177499718592E-14
6.66 -1.1755705045849774
6.67 -1.9021130325903037
6.68 -1.902113032590326
6.69 -1.175570504584944
6.7 -4.703138893235107E-14
6.71 1.1755705045849598
6.72 1.902113032590297
6.73 1.9021130325902975
6.74 1.1755705045849614
6.75 6.859260036498355E-14
6.76 -1.1755705045849425
6.77 -1.9021130325902904
6.78 -1.9021130325903042
6.79 -1.175570504584979
6.8 -9.015381179761603E-14
6.81 1.175570504584925
6.82 1.9021130325903188
6.83 1.9021130325903108
6.84 1.1755705045849965
6.85 1.117150232302485E-13
6.86 -1.1755705045849076
6.87 -1.9021130325903122
6.88 -1.9021130325903175
6.89 -1.1755705045850138
6.9 -1.9589396941264945E-14
6.91 1.17557050458489
6.92 1.9021130325903055
6.93 1.9021130325903242
6.94 1.1755705045849392
6.95 4.115060837389742E-14
6.96 -1.1755705045848728
6.97 -1.9021130325902988
6.98 -1.9021130325902957
6.99 -1.1755705045849567
7.0 -6.27118198065299E-14
7.01 1.1755705045848552
7.02 1.9021130325902922
7.03 1.9021130325903024
7.04 1.1755705045849743
7.05 8.427303123916238E-14
7.06 -1.175570504584838
7.07 -1.9021130325903206
7.08 -1.902113032590309
7.09 -1.1755705045849916
7.1 -1.0583424267179485E-13
7.11 1.1755705045849123
7.12 1.902113032590314
7.13 1.9021130325903157
7.14 1.1755705045850091
7.15 1.3708616382811296E-14
7.16 -1.1755705045848948
7.17 -1.9021130325903073
7.18 -1.9021130325903224
7.19 -1.1755705045849345
7.2 -3.5269827815443773E-14
7.21 1.1755705045848774
7.22 1.9021130325903006
7.23 1.902113032590294
7.24 1.175570504584952
7.25 5.683103924807625E-14
7.26 -1.1755705045848601
7.27 -1.902113032590294
7.28 -1.9021130325903006
7.29 -1.1755705045849694
7.3 -7.839225068070872E-14
7.31 1.1755705045848426
7.32 1.9021130325903224
7.33 1.9021130325903073
7.34 1.175570504584987
7.35 9.99534621133412E-14
7.36 -1.1755705045849172
7.37 -1.9021130325903157
7.38 -1.902113032590314
7.39 -1.1755705045850042
7.4 -7.827835824357647E-15
7.41 1.1755705045848996
7.42 1.902113032590309
7.43 1.9021130325903206
7.44 1.1755705045849298
7.45 2.938904725699012E-14
7.46 -1.175570504584882
7.47 -1.9021130325903024
7.48 -1.9021130325902922
7.49 -1.1755705045849472
7.5 -5.09502586896226E-14
7.51 1.1755705045848648
7.52 1.9021130325902957
7.53 1.9021130325902988
7.54 1.1755705045849647
7.55 7.251147012225507E-14
7.56 -1.1755705045848472
7.57 -1.9021130325903242
7.58 -1.9021130325903055
7.59 -1.175570504584982
7.6 -9.407268155488755E-14
7.61 1.1755705045849218
7.62 1.9021130325902824
7.63 1.9021130325903122
7.64 1.1755705045849996
7.65 1.947055265903998E-15
7.66 -1.1755705045849043
7.67 -1.9021130325902758
7.68 -1.9021130325903188
7.69 -1.175570504584925
7.7 -2.3508266698536476E-14
7.71 1.175570504584887
7.72 1.902113032590269
7.73 1.9021130325902904
7.74 1.1755705045849425
7.75 4.506947813116895E-14
7.76 -1.1755705045848694
7.77 -1.9021130325902624
7.78 -1.902113032590297
7.79 -1.1755705045849598
7.8 -6.663068956380142E-14
7.81 1.1755705045848521
7.82 1.9021130325902909
7.83 1.9021130325903037
7.84 1.1755705045849774
7.85 8.81919009964339E-14
7.86 -1.1755705045849265
7.87 -1.9021130325902842
7.88 -1.9021130325903104
7.89 -1.1755705045849947
7.9 3.933725292549651E-15
7.91 1.1755705045849092
7.92 1.9021130325902775
7.93 1.902113032590317
7.94 1.1755705045849203
7.95 1.7627486140082825E-14
7.96 -1.1755705045848917
7.97 -1.9021130325902709
7.98 -1.9021130325902884
7.99 -1.1755705045849376
8.0 -3.9188697572715304E-14
8.01 1.1755705045848743
8.02 1.9021130325902642
8.03 1.9021130325903304
8.04 1.175570504585047
8.05 -5.293692871626825E-14
8.06 -1.1755705045849487
8.07 -1.9021130325902926
8.08 -1.9021130325903017
8.09 -1.1755705045849725
8.1 -8.231112043798025E-14
8.11 1.1755705045848395
8.12 1.9021130325902509
8.13 1.9021130325902733
8.14 1.175570504584898
8.15 1.0387233187061273E-13
8.16 -1.1755705045850058
8.17 -1.9021130325903146
8.18 -1.902113032590315
8.19 -1.1755705045850076
8.2 -1.254335433032452E-13
8.21 1.1755705045849885
8.22 1.902113032590308
8.23 1.9021130325903217
8.24 1.1755705045850249
8.25 1.4699475473587768E-13
8.26 -1.175570504584971
8.27 -1.9021130325903013
8.28 -1.9021130325903284
8.29 -1.1755705045850424
8.3 5.881770927472191E-14
8.31 1.1755705045849536
8.32 1.9021130325902946
8.33 1.902113032590335
8.34 1.1755705045850597
8.35 1.9011717760114263E-13
8.36 -1.175570504584936
8.37 -1.902113032590288
8.38 -1.9021130325902715
8.39 -1.1755705045848932
8.4 1.5695286409456948E-14
8.41 1.1755705045849187
8.42 1.9021130325902813
8.43 1.9021130325903484
8.44 1.1755705045850946
8.45 2.332396004664076E-13
8.46 -1.1755705045850853
8.47 -1.9021130325903448
8.48 -1.9021130325902849
8.49 -1.175570504584928
8.5 -2.7427136455808003E-14
8.51 1.1755705045848839
8.52 1.902113032590268
8.53 1.9021130325903617
8.54 1.1755705045851295
8.55 4.898834788844048E-14
8.56 -1.1755705045850502
8.57 -1.9021130325903315
8.58 -1.9021130325902982
8.59 -1.1755705045849631
8.6 -7.054955932107296E-14
8.61 1.175570504584849
8.62 1.9021130325902547
8.63 1.9021130325903048
8.64 1.1755705045849805
8.65 9.211077075370544E-14
8.66 -1.1755705045850153
8.67 -1.9021130325903182
8.68 -1.9021130325903115
8.69 -1.175570504584998
8.7 -1.1367198218633791E-13
8.71 1.175570504584998
8.72 1.9021130325903115
8.73 1.9021130325903182
8.74 1.1755705045850153
8.75 1.3523319361897038E-13
8.76 -1.1755705045849805
8.77 -1.9021130325903048
8.78 -1.9021130325903248
8.79 -1.1755705045850329
8.8 7.05792703916292E-14
8.81 1.1755705045849631
8.82 1.9021130325902982
8.83 1.9021130325903315
8.84 1.1755705045850502
8.85 1.7835561648423533E-13
8.86 -1.1755705045847618
8.87 -1.9021130325902915
8.88 -1.902113032590268
8.89 -1.1755705045848837
8.9 2.7456847526364246E-14
8.91 1.1755705045849283
8.92 1.9021130325902849
8.93 1.9021130325903448
8.94 1.175570504585085
8.95 2.2147803934950028E-13
8.96 -1.1755705045849107
8.97 -1.9021130325903484
8.98 -1.9021130325902813
8.99 -1.1755705045849187
9.0 -1.5665575338900706E-14
9.01 1.1755705045848932
9.02 1.9021130325902715
9.03 1.9021130325903581
9.04 1.1755705045851201
9.05 3.7226786771533185E-14
9.06 -1.1755705045848759
9.07 -1.902113032590335
9.08 -1.9021130325902946
9.09 -1.1755705045849536
9.1 -5.878799820416566E-14
9.11 1.1755705045848583
9.12 1.9021130325902582
9.13 1.9021130325903013
9.14 1.175570504584971
9.15 8.034920963679814E-14
9.16 -1.175570504584841
9.17 -1.9021130325903217
9.18 -1.902113032590308
9.19 -1.1755705045849885
9.2 -1.0191042106943061E-13
9.21 1.1755705045850076
9.22 1.902113032590315
9.23 1.9021130325903146
9.24 1.1755705045850058
9.25 1.2347163250206308E-13
9.26 -1.1755705045848062
9.27 -1.9021130325903084
9.28 -1.9021130325903213
9.29 -1.1755705045850233
9.3 8.23408315085365E-14
9.31 1.1755705045849725
9.32 1.9021130325903017
9.33 1.902113032590328
9.34 1.1755705045850409
9.35 1.6659405536732805E-13
9.36 -1.1755705045847713
9.37 -1.902113032590295
9.38 -1.9021130325902642
9.39 -1.1755705045848743
9.4 3.9218408643271543E-14
9.41 1.1755705045849376
9.42 1.9021130325902884
9.43 1.9021130325903413
9.44 1.1755705045850757
9.45 2.09716478232593E-13
9.46 -1.1755705045849203
9.47 -1.9021130325903521
9.48 -1.9021130325902775
9.49 -1.1755705045849092
9.5 -3.90401422199341E-15
9.51 1.1755705045849028
9.52 1.902113032590275
9.53 1.9021130325903546
9.54 1.1755705045851106
9.55 2.5465225654625887E-14
9.56 -1.1755705045848854
9.57 -1.9021130325903388
9.58 -1.9021130325902909
9.59 -1.175570504584944
9.6 -4.702643708725836E-14
9.61 1.175570504584868
9.62 1.9021130325902618
9.63 1.9021130325902975
9.64 1.1755705045849614
9.65 6.858764851989084E-14
9.66 -1.1755705045848506
9.67 -1.902113032590255
9.68 -1.9021130325903042
9.69 -1.175570504584979
9.7 -9.014885995252331E-14
9.71 1.1755705045850169
9.72 1.9021130325903188
9.73 1.9021130325903108
9.74 1.1755705045849965
9.75 1.1171007138515579E-13
9.76 -1.1755705045848157
9.77 -1.9021130325902418
9.78 -1.9021130325903175
9.79 -1.1755705045850138
9.8 9.41023926254438E-14
9.81 1.175570504584982
9.82 1.9021130325903055
9.83 1.9021130325903242
9.84 1.1755705045850313
9.85 1.5483249425042075E-13
9.86 -1.1755705045847806
9.87 -1.9021130325902285
9.88 -1.9021130325902607
9.89 -1.1755705045848648
9.9 5.097996976017884E-14
9.91 1.1755705045849472
9.92 1.9021130325902922
9.93 1.9021130325903375
9.94 1.1755705045850662
9.95 1.979549171156857E-13
9.96 -1.1755705045849298
9.97 -1.9021130325902855
9.98 -1.902113032590274
9.99 -1.1755705045848996
10.0 7.857546894913888E-15
