sin
10.0
0.0
10.0
5.0
0.2
0.0
0.0
0
0
0
100.0
0.0
0.0 0.0
0.01 0.1256603988335261
0.02 0.2513009544333748
0.03 0.3769018266993454
0.04 0.5024431817976955
0.05 0.6279051952931337
0.06 0.7532680552793272
0.07 0.8785119655074318
0.08 1.003617148512149
0.09 1.1285638487348169
0.1 1.2533323356430426
0.11 1.3779029068463808
0.12 1.5022558912075707
0.13 1.6263716519488358
0.14 1.7502305897527606
0.15 1.873813145857246
0.16 1.9970998051440703
0.17 2.1200710992205463
0.18 2.2427076094938116
0.19 2.3649899702372466
0.2 2.486898871648548
0.21 2.6084150628989695
0.22 2.7295193551732524
0.23 2.850192624699761
0.24 2.970415815770349
0.25 3.090169943749474
0.26 3.2094360980720946
0.27 3.3281954452298668
0.28 3.446429231745171
0.29 3.564118787132507
0.3 3.681245526846779
0.31 3.7977909552180105
0.32 3.9137366683720245
0.33 4.029064357136626
0.34 4.143755809932841
0.35 4.257792915650726
0.36 4.371157666509329
0.37 4.483832160900322
0.38 4.595798606214878
0.39 4.707039321653325
0.4 4.817536741017153
0.41 4.927273415482915
0.42 5.036232016357608
0.43 5.144395337815064
0.44 5.251746299612957
0.45 5.358267949789966
0.46 5.463943467342691
0.47 5.568756164881879
0.48 5.672689491267565
0.49 5.775727034222676
0.5 5.877852522924732
0.51 5.979049830575188
0.52 6.079302976946054
0.53 6.178596130903343
0.54 6.276913612907006
0.55 6.3742398974868975
0.56 6.470559615694444
0.57 6.565857557529564
0.58 6.660118674342516
0.59 6.753328081210244
0.6 6.845471059286886
0.61 6.936533058128049
0.62 7.026499697988492
0.63 7.115356772092854
0.64 7.20309024887907
0.65 7.289686274214116
0.66 7.375131173581739
0.67 7.459411454241821
0.68 7.542513807361038
0.69 7.624425110114478
0.7 7.705132427757891
0.71 7.784623015670233
0.72 7.862884321366189
0.73 7.9399039864783525
0.74 8.015669848708765
0.75 8.090169943749475
0.76 8.163392507171839
0.77 8.235325976284274
0.78 8.305958991958125
0.79 8.375280400421417
0.8 8.443279255020151
0.81 8.509944817946918
0.82 8.575266561936521
0.83 8.639234171928353
0.84 8.701837546695257
0.85 8.763066800438637
0.86 8.822912264349533
0.87 8.881364488135445
0.88 8.938414241512637
0.89 8.994052515663709
0.9 9.048270524660197
0.91 9.101059706849956
0.92 9.152411726209175
0.93 9.202318473658703
0.94 9.250772068344581
0.95 9.297764858882513
0.96 9.34328942456612
0.97 9.38733857653874
0.98 9.429905358928645
0.99 9.470983049947442
1.0 9.510565162951535
1.01 9.548645447466429
1.02 9.585217890173759
1.03 9.620276715860859
1.04 9.65381638833274
1.05 9.68583161128631
1.06 9.71631732914674
1.07 9.74526872786577
1.08 9.772681235681935
1.09 9.798550523842469
1.1 9.822872507286887
1.11 9.845643345292054
1.12 9.866859442078681
1.13 9.88651744737914
1.14 9.904614256966513
1.15 9.921147013144777
1.16 9.936113105200084
1.17 9.949510169813001
1.18 9.961336091431725
1.19 9.97158900260614
1.2 9.980267284282716
1.21 9.987369566060174
1.22 9.992894726405892
1.23 9.996841892833
1.24 9.99921044203816
1.25 10.0
1.26 9.99921044203816
1.27 9.996841892833
1.28 9.992894726405892
1.29 9.987369566060174
1.3 9.980267284282716
1.31 9.97158900260614
1.32 9.961336091431725
1.33 9.949510169813001
1.34 9.936113105200084
1.35 9.921147013144777
1.36 9.904614256966513
1.37 9.88651744737914
1.38 9.866859442078681
1.39 9.845643345292054
1.4 9.822872507286887
1.41 9.798550523842469
1.42 9.772681235681935
1.43 9.745268727865772
1.44 9.71631732914674
1.45 9.685831611286313
1.46 9.65381638833274
1.47 9.620276715860859
1.48 9.585217890173759
1.49 9.54864544746643
1.5 9.510565162951536
1.51 9.470983049947442
1.52 9.429905358928645
1.53 9.38733857653874
1.54 9.343289424566121
1.55 9.297764858882514
1.56 9.250772068344581
1.57 9.202318473658703
1.58 9.152411726209175
1.59 9.101059706849956
1.6 9.048270524660195
1.61 8.994052515663709
1.62 8.938414241512639
1.63 8.881364488135446
1.64 8.822912264349535
1.65 8.763066800438637
1.66 8.701837546695257
1.67 8.639234171928354
1.68 8.575266561936521
1.69 8.50994481794692
1.7 8.443279255020151
1.71 8.375280400421417
1.72 8.305958991958127
1.73 8.235325976284276
1.74 8.16339250717184
1.75 8.090169943749475
1.76 8.015669848708765
1.77 7.9399039864783525
1.78 7.86288432136619
1.79 7.784623015670235
1.8 7.705132427757892
1.81 7.624425110114478
1.82 7.54251380736104
1.83 7.459411454241822
1.84 7.375131173581739
1.85 7.289686274214114
1.86 7.203090248879067
1.87 7.115356772092855
1.88 7.026499697988492
1.89 6.936533058128052
1.9 6.845471059286888
1.91 6.753328081210245
1.92 6.660118674342517
1.93 6.565857557529564
1.94 6.470559615694445
1.95 6.374239897486898
1.96 6.276913612907006
1.97 6.178596130903343
1.98 6.079302976946056
1.99 5.979049830575191
2.0 5.877852522924733
2.01 5.77572703422268
2.02 5.672689491267564
2.03 5.568756164881882
2.04 5.463943467342692
2.05 5.35826794978997
2.06 5.251746299612956
2.07 5.144395337815066
2.08 5.036232016357609
2.09 4.9272734154829205
2.1 4.817536741017152
2.11 4.707039321653328
2.12 4.5957986062148795
2.13 4.483832160900323
2.14 4.371157666509329
2.15 4.257792915650729
2.16 4.143755809932839
2.17 4.029064357136628
2.18 3.9137366683720236
2.19 3.797790955218014
2.2 3.6812455268467774
2.21 3.564118787132508
2.22 3.446429231745171
2.23 3.3281954452298694
2.24 3.209436098072093
2.25 3.090169943749475
2.26 2.9704158157703535
2.27 2.8501926246997606
2.28 2.729519355173254
2.29 2.6084150628989704
2.3 2.4868988716485525
2.31 2.364989970237246
2.32 2.2427076094938143
2.33 2.120071099220548
2.34 1.997099805144075
2.35 1.8738131458572458
2.36 1.7502305897527632
2.37 1.6263716519488378
2.38 1.5022558912075712
2.39 1.3779029068463802
2.4 1.2533323356430452
2.41 1.1285638487348142
2.42 1.00361714851215
2.43 0.8785119655074315
2.44 0.7532680552793304
2.45 0.6279051952931314
2.46 0.5024431817976966
2.47 0.37690182669934535
2.48 0.25130095443337813
2.49 0.12566039883352392
2.5 1.2246467991473533E-15
2.51 -0.12566039883352148
2.52 -0.2513009544333757
2.53 -0.3769018266993429
2.54 -0.5024431817976942
2.55 -0.627905195293129
2.56 -0.7532680552793279
2.57 -0.8785119655074292
2.58 -1.0036171485121472
2.59 -1.128563848734812
2.6 -1.2533323356430428
2.61 -1.3779029068463777
2.62 -1.5022558912075687
2.63 -1.6263716519488352
2.64 -1.750230589752761
2.65 -1.8738131458572433
2.66 -1.9970998051440725
2.67 -2.1200710992205454
2.68 -2.242707609493812
2.69 -2.364989970237244
2.7 -2.4868988716485503
2.71 -2.608415062898968
2.72 -2.7295193551732524
2.73 -2.8501926246997575
2.74 -2.970415815770351
2.75 -3.0901699437494727
2.76 -3.20943609807209
2.77 -3.328195445229867
2.78 -3.446429231745168
2.79 -3.564118787132506
2.8 -3.6812455268467748
2.81 -3.797790955218012
2.82 -3.9137366683720214
2.83 -4.029064357136624
2.84 -4.143755809932836
2.85 -4.257792915650727
2.86 -4.371157666509326
2.87 -4.48383216090032
2.88 -4.595798606214878
2.89 -4.707039321653326
2.9 -4.81753674101715
2.91 -4.927273415482918
2.92 -5.036232016357608
2.93 -5.144395337815064
2.94 -5.251746299612954
2.95 -5.358267949789967
2.96 -5.46394346734269
2.97 -5.568756164881879
2.98 -5.672689491267562
2.99 -5.775727034222678
3.0 -5.87785252292473
3.01 -5.979049830575185
3.02 -6.079302976946055
3.03 -6.178596130903341
3.04 -6.276913612907004
3.05 -6.374239897486893
3.06 -6.470559615694444
3.07 -6.5658575575295615
3.08 -6.660118674342515
3.09 -6.75332808121024
3.1 -6.845471059286887
3.11 -6.936533058128047
3.12 -7.026499697988491
3.13 -7.115356772092854
3.14 -7.20309024887907
3.15 -7.289686274214113
3.16 -7.375131173581741
3.17 -7.459411454241821
3.18 -7.542513807361038
3.19 -7.624425110114479
3.2 -7.705132427757894
3.21 -7.784623015670231
3.22 -7.862884321366192
3.23 -7.939903986478352
3.24 -8.015669848708765
3.25 -8.090169943749473
3.26 -8.163392507171839
3.27 -8.235325976284274
3.28 -8.305958991958121
3.29 -8.375280400421419
3.3 -8.443279255020148
3.31 -8.509944817946916
3.32 -8.575266561936521
3.33 -8.63923417192835
3.34 -8.701837546695256
3.35 -8.763066800438637
3.36 -8.822912264349533
3.37 -8.881364488135446
3.38 -8.938414241512636
3.39 -8.994052515663709
3.4 -9.048270524660193
3.41 -9.101059706849956
3.42 -9.152411726209175
3.43 -9.202318473658703
3.44 -9.250772068344581
3.45 -9.297764858882514
3.46 -9.343289424566118
3.47 -9.387338576538742
3.48 -9.429905358928643
3.49 -9.470983049947442
3.5 -9.510565162951535
3.51 -9.548645447466429
3.52 -9.585217890173759
3.53 -9.620276715860857
3.54 -9.65381638833274
3.55 -9.685831611286309
3.56 -9.716317329146738
3.57 -9.74526872786577
3.58 -9.772681235681933
3.59 -9.798550523842469
3.6 -9.822872507286887
3.61 -9.845643345292054
3.62 -9.866859442078681
3.63 -9.88651744737914
3.64 -9.904614256966513
3.65 -9.921147013144777
3.66 -9.936113105200084
3.67 -9.949510169813001
3.68 -9.961336091431725
3.69 -9.97158900260614
3.7 -9.980267284282716
3.71 -9.987369566060174
3.72 -9.992894726405893
3.73 -9.996841892833
3.74 -9.99921044203816
3.75 -10.0
3.76 -9.99921044203816
3.77 -9.996841892833
3.78 -9.992894726405893
3.79 -9.987369566060174
3.8 -9.980267284282716
3.81 -9.97158900260614
3.82 -9.961336091431725
3.83 -9.949510169813001
3.84 -9.936113105200084
3.85 -9.921147013144779
3.86 -9.904614256966513
3.87 -9.88651744737914
3.88 -9.866859442078681
3.89 -9.845643345292054
3.9 -9.822872507286887
3.91 -9.798550523842469
3.92 -9.772681235681935
3.93 -9.74526872786577
3.94 -9.71631732914674
3.95 -9.68583161128631
3.96 -9.653816388332741
3.97 -9.620276715860857
3.98 -9.58521789017376
3.99 -9.54864544746643
4.0 -9.510565162951536
4.01 -9.470983049947444
4.02 -9.429905358928647
4.03 -9.38733857653874
4.04 -9.34328942456612
4.05 -9.297764858882516
4.06 -9.250772068344583
4.07 -9.202318473658702
4.08 -9.152411726209177
4.09 -9.101059706849957
4.1 -9.048270524660198
4.11 -8.994052515663709
4.12 -8.938414241512637
4.13 -8.881364488135448
4.14 -8.822912264349535
4.15 -8.763066800438633
4.16 -8.701837546695257
4.17 -8.639234171928354
4.18 -8.575266561936527
4.19 -8.509944817946918
4.2 -8.44327925502015
4.21 -8.37528040042142
4.22 -8.305958991958128
4.23 -8.23532597628427
4.24 -8.163392507171842
4.25 -8.090169943749476
4.26 -8.015669848708766
4.27 -7.939903986478358
4.28 -7.862884321366188
4.29 -7.784623015670232
4.3 -7.705132427757896
4.31 -7.6244251101144815
4.32 -7.542513807361035
4.33 -7.459411454241823
4.34 -7.375131173581741
4.35 -7.289686274214121
4.36 -7.203090248879068
4.37 -7.115356772092852
4.38 -7.026499697988497
4.39 -6.936533058128054
4.4 -6.845471059286883
4.41 -6.753328081210247
4.42 -6.660118674342518
4.43 -6.565857557529572
4.44 -6.470559615694444
4.45 -6.374239897486897
4.46 -6.27691361290701
4.47 -6.1785961309033475
4.48 -6.0793029769460505
4.49 -5.979049830575192
4.5 -5.877852522924734
4.51 -5.775727034222678
4.52 -5.672689491267572
4.53 -5.568756164881879
4.54 -5.463943467342689
4.55 -5.358267949789971
4.56 -5.251746299612962
4.57 -5.14439533781506
4.58 -5.03623201635761
4.59 -4.927273415482917
4.6 -4.817536741017161
4.61 -4.707039321653325
4.62 -4.595798606214877
4.63 -4.483832160900328
4.64 -4.371157666509334
4.65 -4.257792915650722
4.66 -4.143755809932844
4.67 -4.029064357136629
4.68 -3.9137366683720334
4.69 -3.7977909552180114
4.7 -3.6812455268467787
4.71 -3.564118787132513
4.72 -3.4464292317451757
4.73 -3.3281954452298623
4.74 -3.209436098072098
4.75 -3.0901699437494763
4.76 -2.9704158157703504
4.77 -2.85019262469977
4.78 -2.7295193551732515
4.79 -2.6084150628989677
4.8 -2.4868988716485534
4.81 -2.3649899702372514
4.82 -2.2427076094938068
4.83 -2.120071099220549
4.84 -1.9970998051440718
4.85 -1.8738131458572558
4.86 -1.7502305897527601
4.87 -1.6263716519488345
4.88 -1.5022558912075767
4.89 -1.3779029068463857
4.9 -1.253332335643038
4.91 -1.12856384873482
4.92 -1.0036171485121508
4.93 -0.8785119655074416
4.94 -0.7532680552793272
4.95 -0.6279051952931326
4.96 -0.5024431817977022
4.97 -0.376901826699351
4.98 -0.25130095443337047
4.99 -0.12566039883352959
5.0 -2.4492935982947065E-15
5.01 0.1256603988335247
5.02 0.2513009544333656
5.03 0.37690182669934613
5.04 0.5024431817976973
5.05 0.6279051952931278
5.06 0.7532680552793223
5.07 0.8785119655074367
5.08 1.0036171485121461
5.09 1.128563848734815
5.1 1.2533323356430328
5.11 1.377902906846381
5.12 1.502255891207572
5.13 1.6263716519488298
5.14 1.750230589752755
5.15 1.8738131458572507
5.16 1.997099805144067
5.17 2.1200710992205445
5.18 2.242707609493802
5.19 2.3649899702372466
5.2 2.486898871648549
5.21 2.608415062898963
5.22 2.7295193551732466
5.23 2.8501926246997655
5.24 2.970415815770346
5.25 3.090169943749472
5.26 3.2094360980720937
5.27 3.328195445229858
5.28 3.4464292317451712
5.29 3.5641187871325086
5.3 3.681245526846774
5.31 3.797790955218006
5.32 3.913736668372029
5.33 4.029064357136624
5.34 4.1437558099328395
5.35 4.257792915650718
5.36 4.37115766650933
5.37 4.483832160900324
5.38 4.595798606214872
5.39 4.707039321653321
5.4 4.817536741017157
5.41 4.9272734154829125
5.42 5.036232016357607
5.43 5.144395337815055
5.44 5.251746299612957
5.45 5.358267949789966
5.46 5.463943467342684
5.47 5.568756164881875
5.48 5.672689491267569
5.49 5.7757270342226725
5.5 5.877852522924729
5.51 5.979049830575187
5.52 6.079302976946046
5.53 6.178596130903344
5.54 6.276913612907006
5.55 6.374239897486892
5.56 6.470559615694439
5.57 6.565857557529569
5.58 6.660118674342515
5.59 6.753328081210243
5.6 6.845471059286879
5.61 6.936533058128049
5.62 7.026499697988493
5.63 7.115356772092849
5.64 7.2030902488790645
5.65 7.289686274214119
5.66 7.375131173581737
5.67 7.45941145424182
5.68 7.542513807361031
5.69 7.624425110114479
5.7 7.705132427757892
5.71 7.78462301567023
5.72 7.8628843213661845
5.73 7.939903986478356
5.74 8.015669848708763
5.75 8.090169943749473
5.76 8.163392507171839
5.77 8.235325976284269
5.78 8.305958991958127
5.79 8.375280400421417
5.8 8.443279255020148
5.81 8.509944817946916
5.82 8.575266561936525
5.83 8.63923417192835
5.84 8.701837546695256
5.85 8.763066800438631
5.86 8.822912264349533
5.87 8.881364488135446
5.88 8.938414241512634
5.89 8.994052515663707
5.9 9.048270524660197
5.91 9.101059706849956
5.92 9.152411726209174
5.93 9.2023184736587
5.94 9.250772068344581
5.95 9.297764858882514
5.96 9.343289424566118
5.97 9.387338576538738
5.98 9.429905358928647
5.99 9.470983049947442
6.0 9.510565162951535
6.01 9.548645447466429
6.02 9.585217890173755
6.03 9.620276715860859
6.04 9.65381638833274
6.05 9.685831611286309
6.06 9.716317329146737
6.07 9.745268727865772
6.08 9.772681235681933
6.09 9.798550523842469
6.1 9.822872507286885
6.11 9.845643345292054
6.12 9.866859442078681
6.13 9.88651744737914
6.14 9.904614256966513
6.15 9.921147013144779
6.16 9.936113105200084
6.17 9.949510169813001
6.18 9.961336091431724
6.19 9.97158900260614
6.2 9.980267284282716
6.21 9.987369566060174
6.22 9.992894726405892
6.23 9.996841892833
6.24 9.99921044203816
6.25 10.0
6.26 9.99921044203816
6.27 9.996841892833
6.28 9.992894726405892
6.29 9.987369566060174
6.3 9.980267284282716
6.31 9.97158900260614
6.32 9.961336091431724
6.33 9.949510169813001
6.34 9.936113105200084
6.35 9.921147013144779
6.36 9.904614256966513
6.37 9.886517447379141
6.38 9.866859442078681
6.39 9.845643345292054
6.4 9.822872507286887
6.41 9.79855052384247
6.42 9.772681235681937
6.43 9.745268727865772
6.44 9.716317329146737
6.45 9.68583161128631
6.46 9.653816388332741
6.47 9.620276715860857
6.48 9.58521789017376
6.49 9.548645447466429
6.5 9.510565162951536
6.51 9.470983049947447
6.52 9.429905358928645
6.53 9.387338576538744
6.54 9.34328942456612
6.55 9.297764858882516
6.56 9.250772068344586
6.57 9.202318473658705
6.58 9.152411726209174
6.59 9.101059706849957
6.6 9.0482705246602
6.61 8.99405251566371
6.62 8.93841424151264
6.63 8.881364488135445
6.64 8.822912264349537
6.65 8.763066800438633
6.66 8.701837546695257
6.67 8.63923417192836
6.68 8.575266561936523
6.69 8.509944817946915
6.7 8.443279255020151
6.71 8.37528040042142
6.72 8.305958991958125
6.73 8.235325976284276
6.74 8.163392507171837
6.75 8.090169943749476
6.76 8.015669848708772
6.77 7.939903986478354
6.78 7.862884321366195
6.79 7.784623015670233
6.8 7.705132427757897
6.81 7.624425110114488
6.82 7.542513807361042
6.83 7.459411454241818
6.84 7.375131173581741
6.85 7.289686274214122
6.86 7.20309024887907
6.87 7.115356772092859
6.88 7.026499697988491
6.89 6.936533058128054
6.9 6.845471059286884
6.91 6.753328081210247
6.92 6.660118674342526
6.93 6.565857557529567
6.94 6.4705596156944365
6.95 6.3742398974868975
6.96 6.276913612907011
6.97 6.178596130903342
6.98 6.0793029769460585
6.99 5.979049830575185
7.0 5.877852522924734
7.01 5.775727034222685
7.02 5.672689491267566
7.03 5.568756164881887
7.04 5.46394346734269
7.05 5.358267949789973
7.06 5.25174629961297
7.07 5.144395337815069
7.08 5.036232016357603
7.09 4.927273415482918
7.1 4.817536741017162
7.11 4.707039321653326
7.12 4.595798606214886
7.13 4.483832160900321
7.14 4.371157666509335
7.15 4.2577929156507235
7.16 4.143755809932845
7.17 4.029064357136638
7.18 3.913736668372026
7.19 3.797790955218004
7.2 3.6812455268467796
7.21 3.5641187871325144
7.22 3.446429231745168
7.23 3.3281954452298717
7.24 3.209436098072091
7.25 3.090169943749478
7.26 2.9704158157703597
7.27 2.850192624699763
7.28 2.7295193551732613
7.29 2.6084150628989686
7.3 2.4868988716485547
7.31 2.3649899702372617
7.32 2.2427076094938165
7.33 2.1200710992205414
7.34 1.9970998051440731
7.35 1.873813145857257
7.36 1.7502305897527612
7.37 1.6263716519488445
7.38 1.5022558912075692
7.39 1.377902906846387
7.4 1.253332335643039
7.41 1.1285638487348213
7.42 1.003617148512161
7.43 0.878511965507434
7.44 0.7532680552793196
7.45 0.6279051952931338
7.46 0.5024431817977035
7.47 0.37690182669934336
7.48 0.2513009544333806
7.49 0.12566039883352192
7.5 3.673940397442059E-15
7.51 -0.1256603988335146
7.52 -0.25130095443337325
7.53 -0.37690182669933603
7.54 -0.5024431817976961
7.55 -0.6279051952931265
7.56 -0.7532680552793123
7.57 -0.8785119655074267
7.58 -1.0036171485121537
7.59 -1.128563848734814
7.6 -1.2533323356430317
7.61 -1.3779029068463797
7.62 -1.502255891207562
7.63 -1.6263716519488371
7.64 -1.750230589752754
7.65 -1.8738131458572496
7.66 -1.9970998051440658
7.67 -2.1200710992205343
7.68 -2.2427076094938094
7.69 -2.364989970237254
7.7 -2.4868988716485476
7.71 -2.6084150628989615
7.72 -2.729519355173254
7.73 -2.8501926246997558
7.74 -2.970415815770353
7.75 -3.0901699437494705
7.76 -3.209436098072084
7.77 -3.328195445229865
7.78 -3.446429231745162
7.79 -3.5641187871325073
7.8 -3.6812455268467725
7.81 -3.797790955217997
7.82 -3.913736668372019
7.83 -4.0290643571366305
7.84 -4.143755809932839
7.85 -4.257792915650716
7.86 -4.371157666509328
7.87 -4.483832160900315
7.88 -4.5957986062148795
7.89 -4.70703932165332
7.9 -4.817536741017156
7.91 -4.927273415482912
7.92 -5.036232016357598
7.93 -5.144395337815062
7.94 -5.251746299612964
7.95 -5.3582679497899655
7.96 -5.463943467342684
7.97 -5.568756164881882
7.98 -5.67268949126756
7.99 -5.77572703422268
8.0 -5.877852522924728
8.01 -5.979049830575179
8.02 -6.079302976946053
8.03 -6.178596130903335
8.04 -6.276913612906991
8.05 -6.3742398974869054
8.06 -6.4705596156944445
8.07 -6.565857557529561
8.08 -6.66011867434252
8.09 -6.753328081210242
8.1 -6.845471059286878
8.11 -6.9365330581280364
8.12 -7.026499697988485
8.13 -7.115356772092855
8.14 -7.203090248879076
8.15 -7.289686274214118
8.16 -7.375131173581736
8.17 -7.459411454241813
8.18 -7.542513807361036
8.19 -7.624425110114473
8.2 -7.7051324277578805
8.21 -7.78462301567024
8.22 -7.86288432136619
8.23 -7.939903986478349
8.24 -8.015669848708768
8.25 -8.090169943749473
8.26 -8.163392507171833
8.27 -8.235325976284273
8.28 -8.305958991958121
8.29 -8.375280400421408
8.3 -8.443279255020157
8.31 -8.50994481794692
8.32 -8.57526656193652
8.33 -8.639234171928354
8.34 -8.701837546695256
8.35 -8.76306680043863
8.36 -8.822912264349524
8.37 -8.881364488135441
8.38 -8.938414241512637
8.39 -8.994052515663714
8.4 -9.048270524660197
8.41 -9.101059706849954
8.42 -9.15241172620917
8.43 -9.202318473658703
8.44 -9.250772068344576
8.45 -9.297764858882507
8.46 -9.343289424566123
8.47 -9.387338576538742
8.48 -9.429905358928643
8.49 -9.470983049947444
8.5 -9.510565162951535
8.51 -9.548645447466427
8.52 -9.585217890173759
8.53 -9.620276715860856
8.54 -9.653816388332734
8.55 -9.685831611286314
8.56 -9.71631732914674
8.57 -9.74526872786577
8.58 -9.772681235681937
8.59 -9.798550523842467
8.6 -9.822872507286885
8.61 -9.84564334529205
8.62 -9.86685944207868
8.63 -9.886517447379141
8.64 -9.904614256966514
8.65 -9.921147013144779
8.66 -9.936113105200084
8.67 -9.949510169813001
8.68 -9.961336091431724
8.69 -9.971589002606137
8.7 -9.980267284282714
8.71 -9.987369566060176
8.72 -9.992894726405892
8.73 -9.996841892833
8.74 -9.99921044203816
8.75 -10.0
8.76 -9.99921044203816
8.77 -9.996841892833
8.78 -9.992894726405893
8.79 -9.987369566060176
8.8 -9.980267284282714
8.81 -9.97158900260614
8.82 -9.961336091431725
8.83 -9.949510169813001
8.84 -9.936113105200084
8.85 -9.921147013144779
8.86 -9.904614256966514
8.87 -9.886517447379141
8.88 -9.866859442078681
8.89 -9.845643345292052
8.9 -9.822872507286887
8.91 -9.79855052384247
8.92 -9.772681235681937
8.93 -9.745268727865772
8.94 -9.716317329146742
8.95 -9.685831611286316
8.96 -9.653816388332736
8.97 -9.620276715860857
8.98 -9.58521789017376
8.99 -9.548645447466429
9.0 -9.510565162951538
9.01 -9.470983049947447
9.02 -9.429905358928645
9.03 -9.387338576538744
9.04 -9.343289424566127
9.05 -9.29776485888251
9.06 -9.25077206834458
9.07 -9.202318473658707
9.08 -9.152411726209174
9.09 -9.10105970684996
9.1 -9.0482705246602
9.11 -8.994052515663718
9.12 -8.938414241512643
9.13 -8.881364488135445
9.14 -8.822912264349528
9.15 -8.763066800438635
9.16 -8.701837546695259
9.17 -8.63923417192836
9.18 -8.575266561936525
9.19 -8.509944817946923
9.2 -8.44327925502016
9.21 -8.375280400421412
9.22 -8.305958991958125
9.23 -8.235325976284278
9.24 -8.163392507171837
9.25 -8.090169943749476
9.26 -8.015669848708773
9.27 -7.939903986478355
9.28 -7.862884321366195
9.29 -7.784623015670245
9.3 -7.705132427757886
9.31 -7.624425110114478
9.32 -7.542513807361042
9.33 -7.459411454241819
9.34 -7.3751311735817415
9.35 -7.289686274214123
9.36 -7.203090248879082
9.37 -7.11535677209286
9.38 -7.026499697988492
9.39 -6.936533058128043
9.4 -6.845471059286885
9.41 -6.753328081210248
9.42 -6.660118674342526
9.43 -6.565857557529567
9.44 -6.470559615694452
9.45 -6.374239897486912
9.46 -6.2769136129069985
9.47 -6.178596130903342
9.48 -6.079302976946059
9.49 -5.979049830575186
9.5 -5.8778525229247345
9.51 -5.775727034222687
9.52 -5.672689491267567
9.53 -5.568756164881888
9.54 -5.463943467342705
9.55 -5.3582679497899575
9.56 -5.251746299612956
9.57 -5.1443953378150695
9.58 -5.036232016357605
9.59 -4.927273415482919
9.6 -4.817536741017163
9.61 -4.707039321653343
9.62 -4.595798606214887
9.63 -4.483832160900322
9.64 -4.37115766650932
9.65 -4.257792915650724
9.66 -4.143755809932847
9.67 -4.0290643571366385
9.68 -3.913736668372027
9.69 -3.797790955218021
9.7 -3.681245526846797
9.71 -3.5641187871324984
9.72 -3.4464292317451695
9.73 -3.328195445229873
9.74 -3.209436098072092
9.75 -3.090169943749479
9.76 -2.9704158157703615
9.77 -2.8501926246997638
9.78 -2.729519355173262
9.79 -2.6084150628989873
9.8 -2.4868988716485387
9.81 -2.364989970237245
9.82 -2.242707609493818
9.83 -2.1200710992205427
9.84 -1.997099805144074
9.85 -1.873813145857258
9.86 -1.7502305897527801
9.87 -1.6263716519488458
9.88 -1.5022558912075703
9.89 -1.3779029068463708
9.9 -1.2533323356430401
9.91 -1.1285638487348224
9.92 -1.0036171485121623
9.93 -0.8785119655074352
9.94 -0.7532680552793385
9.95 -0.6279051952931527
9.96 -0.502443181797687
9.97 -0.3769018266993446
9.98 -0.2513009544333818
9.99 -0.12566039883352315
10.0 -4.898587196589413E-15
