rec
5.0
0.0
10.0
5.0
0.2
0.5
0.0
0
0
0
50.0
0.0
0.0 5.0
0.02 5.0
0.04 5.0
0.06 5.0
0.08 5.0
0.1 5.0
0.12 5.0
0.14 5.0
0.16 5.0
0.18 5.0
0.2 5.0
0.22 5.0
0.24 5.0
0.26 5.0
0.28 5.0
0.3 5.0
0.32 5.0
0.34 5.0
0.36 5.0
0.38 5.0
0.4 5.0
0.42 5.0
0.44 5.0
0.46 5.0
0.48 5.0
0.5 5.0
0.52 5.0
0.54 5.0
0.56 5.0
0.58 5.0
0.6 5.0
0.62 5.0
0.64 5.0
0.66 5.0
0.68 5.0
0.7 5.0
0.72 5.0
0.74 5.0
0.76 5.0
0.78 5.0
0.8 5.0
0.82 5.0
0.84 5.0
0.86 5.0
0.88 5.0
0.9 5.0
0.92 5.0
0.94 5.0
0.96 5.0
0.98 5.0
1.0 5.0
1.02 5.0
1.04 5.0
1.06 5.0
1.08 5.0
1.1 5.0
1.12 5.0
1.14 5.0
1.16 5.0
1.18 5.0
1.2 5.0
1.22 5.0
1.24 5.0
1.26 5.0
1.28 5.0
1.3 5.0
1.32 5.0
1.34 5.0
1.36 5.0
1.38 5.0
1.4 5.0
1.42 5.0
1.44 5.0
1.46 5.0
1.48 5.0
1.5 5.0
1.52 5.0
1.54 5.0
1.56 5.0
1.58 5.0
1.6 5.0
1.62 5.0
1.64 5.0
1.66 5.0
1.68 5.0
1.7 5.0
1.72 5.0
1.74 5.0
1.76 5.0
1.78 5.0
1.8 5.0
1.82 5.0
1.84 5.0
1.86 5.0
1.88 5.0
1.9 5.0
1.92 5.0
1.94 5.0
1.96 5.0
1.98 5.0
2.0 5.0
2.02 5.0
2.04 5.0
2.06 5.0
2.08 5.0
2.1 5.0
2.12 5.0
2.14 5.0
2.16 5.0
2.18 5.0
2.2 5.0
2.22 5.0
2.24 5.0
2.26 5.0
2.28 5.0
2.3 5.0
2.32 5.0
2.34 5.0
2.36 5.0
2.38 5.0
2.4 5.0
2.42 5.0
2.44 5.0
2.46 5.0
2.48 5.0
2.5 0.0
2.52 0.0
2.54 0.0
2.56 0.0
2.58 0.0
2.6 0.0
2.62 0.0
2.64 0.0
2.66 0.0
2.68 0.0
2.7 0.0
2.72 0.0
2.74 0.0
2.76 0.0
2.78 0.0
2.8 0.0
2.82 0.0
2.84 0.0
2.86 0.0
2.88 0.0
2.9 0.0
2.92 0.0
2.94 0.0
2.96 0.0
2.98 0.0
3.0 0.0
3.02 0.0
3.04 0.0
3.06 0.0
3.08 0.0
3.1 0.0
3.12 0.0
3.14 0.0
3.16 0.0
3.18 0.0
3.2 0.0
3.22 0.0
3.24 0.0
3.26 0.0
3.28 0.0
3.3 0.0
3.32 0.0
3.34 0.0
3.36 0.0
3.38 0.0
3.4 0.0
3.42 0.0
3.44 0.0
3.46 0.0
3.48 0.0
3.5 0.0
3.52 0.0
3.54 0.0
3.56 0.0
3.58 0.0
3.6 0.0
3.62 0.0
3.64 0.0
3.66 0.0
3.68 0.0
3.7 0.0
3.72 0.0
3.74 0.0
3.76 0.0
3.78 0.0
3.8 0.0
3.82 0.0
3.84 0.0
3.86 0.0
3.88 0.0
3.9 0.0
3.92 0.0
3.94 0.0
3.96 0.0
3.98 0.0
4.0 0.0
4.02 0.0
4.04 0.0
4.06 0.0
4.08 0.0
4.1 0.0
4.12 0.0
4.14 0.0
4.16 0.0
4.18 0.0
4.2 0.0
4.22 0.0
4.24 0.0
4.26 0.0
4.28 0.0
4.3 0.0
4.32 0.0
4.34 0.0
4.36 0.0
4.38 0.0
4.4 0.0
4.42 0.0
4.44 0.0
4.46 0.0
4.48 0.0
4.5 0.0
4.52 0.0
4.54 0.0
4.56 0.0
4.58 0.0
4.6 0.0
4.62 0.0
4.64 0.0
4.66 0.0
4.68 0.0
4.7 0.0
4.72 0.0
4.74 0.0
4.76 0.0
4.78 0.0
4.8 0.0
4.82 0.0
4.84 0.0
4.86 0.0
4.88 0.0
4.9 0.0
4.92 0.0
4.94 0.0
4.96 0.0
4.98 0.0
5.0 5.0
5.02 5.0
5.04 5.0
5.06 5.0
5.08 5.0
5.1 5.0
5.12 5.0
5.14 5.0
5.16 5.0
5.18 5.0
5.2 5.0
5.22 5.0
5.24 5.0
5.26 5.0
5.28 5.0
5.3 5.0
5.32 5.0
5.34 5.0
5.36 5.0
5.38 5.0
5.4 5.0
5.42 5.0
5.44 5.0
5.46 5.0
5.48 5.0
5.5 5.0
5.52 5.0
5.54 5.0
5.56 5.0
5.58 5.0
5.6 5.0
5.62 5.0
5.64 5.0
5.66 5.0
5.68 5.0
5.7 5.0
5.72 5.0
5.74 5.0
5.76 5.0
5.78 5.0
5.8 5.0
5.82 5.0
5.84 5.0
5.86 5.0
5.88 5.0
5.9 5.0
5.92 5.0
5.94 5.0
5.96 5.0
5.98 5.0
6.0 5.0
6.02 5.0
6.04 5.0
6.06 5.0
6.08 5.0
6.1 5.0
6.12 5.0
6.14 5.0
6.16 5.0
6.18 5.0
6.2 5.0
6.22 5.0
6.24 5.0
6.26 5.0
6.28 5.0
6.3 5.0
6.32 5.0
6.34 5.0
6.36 5.0
6.38 5.0
6.4 5.0
6.42 5.0
6.44 5.0
6.46 5.0
6.48 5.0
6.5 5.0
6.52 5.0
6.54 5.0
6.56 5.0
6.58 5.0
6.6 5.0
6.62 5.0
6.64 5.0
6.66 5.0
6.68 5.0
6.7 5.0
6.72 5.0
6.74 5.0
6.76 5.0
6.78 5.0
6.8 5.0
6.82 5.0
6.84 5.0
6.86 5.0
6.88 5.0
6.9 5.0
6.92 5.0
6.94 5.0
6.96 5.0
6.98 5.0
7.0 5.0
7.02 5.0
7.04 5.0
7.06 5.0
7.08 5.0
7.1 5.0
7.12 5.0
7.14 5.0
7.16 5.0
7.18 5.0
7.2 5.0
7.22 5.0
7.24 5.0
7.26 5.0
7.28 5.0
7.3 5.0
7.32 5.0
7.34 5.0
7.36 5.0
7.38 5.0
7.4 5.0
7.42 5.0
7.44 5.0
7.46 5.0
7.48 5.0
7.5 0.0
7.52 0.0
7.54 0.0
7.56 0.0
7.58 0.0
7.6 0.0
7.62 0.0
7.64 0.0
7.66 0.0
7.68 0.0
7.7 0.0
7.72 0.0
7.74 0.0
7.76 0.0
7.78 0.0
7.8 0.0
7.82 0.0
7.84 0.0
7.86 0.0
7.88 0.0
7.9 0.0
7.92 0.0
7.94 0.0
7.96 0.0
7.98 0.0
8.0 0.0
8.02 0.0
8.04 0.0
8.06 0.0
8.08 0.0
8.1 0.0
8.12 0.0
8.14 0.0
8.16 0.0
8.18 0.0
8.2 0.0
8.22 0.0
8.24 0.0
8.26 0.0
8.28 0.0
8.3 0.0
8.32 0.0
8.34 0.0
8.36 0.0
8.38 0.0
8.4 0.0
8.42 0.0
8.44 0.0
8.46 0.0
8.48 0.0
8.5 0.0
8.52 0.0
8.54 0.0
8.56 0.0
8.58 0.0
8.6 0.0
8.62 0.0
8.64 0.0
8.66 0.0
8.68 0.0
8.7 0.0
8.72 0.0
8.74 0.0
8.76 0.0
8.78 0.0
8.8 0.0
8.82 0.0
8.84 0.0
8.86 0.0
8.88 0.0
8.9 0.0
8.92 0.0
8.94 0.0
8.96 0.0
8.98 0.0
9.0 0.0
9.02 0.0
9.04 0.0
9.06 0.0
9.08 0.0
9.1 0.0
9.12 0.0
9.14 0.0
9.16 0.0
9.18 0.0
9.2 0.0
9.22 0.0
9.24 0.0
9.26 0.0
9.28 0.0
9.3 0.0
9.32 0.0
9.34 0.0
9.36 0.0
9.38 0.0
9.4 0.0
9.42 0.0
9.44 0.0
9.46 0.0
9.48 0.0
9.5 0.0
9.52 0.0
9.54 0.0
9.56 0.0
9.58 0.0
9.6 0.0
9.62 0.0
9.64 0.0
9.66 0.0
9.68 0.0
9.7 0.0
9.72 0.0
9.74 0.0
9.76 0.0
9.78 0.0
9.8 0.0
9.82 0.0
9.84 0.0
9.86 0.0
9.88 0.0
9.9 0.0
9.92 0.0
9.94 0.0
9.96 0.0
9.98 0.0
10.0 5.0
