sin
5.0
0.0
4.0
2.0
0.0
0.0
0
0
0
200.0
0.0
0.0 0.0
0.005 0.07853658655910338
0.01 0.15705379539064146
0.015 0.23553225354821328
0.02 0.31395259764656686
0.025 0.3922954786392247
0.03 0.47054156659257157
0.035 0.5486715554552264
0.04 0.6266661678215213
0.045 0.7045061596879133
0.05 0.7821723252011543
0.055 0.8596455013970477
0.06 0.936906572928623
0.065 1.0139364767825625
0.07 1.0907162069827128
0.075 1.167226819279527
0.08 1.243449435824274
0.085 1.3193652498268647
0.09 1.3949555301961465
0.095 1.4702016261615198
0.1 1.545084971874737
0.105 1.619587090990747
0.11 1.6936896012264568
0.115 1.7673742188962858
0.12 1.8406227634233896
0.125 1.913417161825449
0.13 1.985739453173903
0.135 2.057571793025544
0.14 2.1288964578253635
0.145 2.1996958492795753
0.15 2.2699524986977337
0.155 2.339649071302867
0.16 2.4087683705085765
0.165 2.477293342162038
0.17 2.5452070787518566
0.175 2.612492823579744
0.18 2.679133974894983
0.185 2.745114089990659
0.19 2.8104168892606527
0.195 2.875026260216393
0.2 2.938926261462366
0.205 3.0021011266294195
0.21 3.0645352682648817
0.215 3.1262132816785253
0.22 3.1871199487434483
0.225 3.2472402416509185
0.23 3.306559326618259
0.235 3.3650625675488666
0.24 3.422735529643443
0.245 3.4795639829615714
0.25 3.5355339059327373
0.255 3.5906314888159443
0.26 3.644843137107058
0.265 3.6981554748930483
0.27 3.750555348152298
0.275 3.802029828000155
0.28 3.852566213878946
0.285 3.9021520366916485
0.29 3.9507750618784514
0.295 3.9984232924354526
0.3 4.045084971874737
0.305 4.090748587125117
0.31 4.1354028713728095
0.315 4.179036806841351
0.32 4.221639627510076
0.325 4.263200821770461
0.33 4.303710135019719
0.335 4.3431575721909566
0.34 4.381533400219318
0.345 4.418828150443467
0.35 4.455032620941839
0.355 4.490137878803077
0.36 4.524135262330098
0.365 4.557016383177226
0.37 4.588773128419906
0.375 4.619397662556434
0.38 4.648882429441256
0.385 4.677220154149336
0.39 4.704403844771127
0.395 4.730426794137727
0.4 4.755282581475767
0.405 4.7789650739916505
0.41 4.801468428384715
0.415 4.822787092288991
0.42 4.842915805643155
0.425 4.861849601988383
0.43 4.879583809693736
0.435 4.896114053108828
0.44 4.911436253643443
0.445 4.925546630773869
0.45 4.938441702975689
0.455 4.950118288582788
0.46 4.9605735065723895
0.465 4.969804777275899
0.47 4.9778098230154
0.475 4.9845866686656395
0.48 4.990133642141358
0.485 4.99444937480985
0.49 4.997532801828658
0.495 4.999383162408303
0.5 5.0
0.505 4.999383162408303
0.51 4.997532801828658
0.515 4.99444937480985
0.52 4.990133642141358
0.525 4.9845866686656395
0.53 4.9778098230154
0.535 4.969804777275899
0.54 4.960573506572389
0.545 4.950118288582788
0.55 4.938441702975688
0.555 4.925546630773869
0.56 4.911436253643443
0.565 4.896114053108829
0.57 4.879583809693737
0.575 4.861849601988383
0.58 4.842915805643156
0.585 4.822787092288991
0.59 4.801468428384715
0.595 4.778965073991651
0.6 4.755282581475768
0.605 4.730426794137727
0.61 4.704403844771127
0.615 4.677220154149337
0.62 4.648882429441257
0.625 4.619397662556434
0.63 4.5887731284199065
0.635 4.557016383177227
0.64 4.524135262330097
0.645 4.490137878803078
0.65 4.455032620941839
0.655 4.418828150443467
0.66 4.381533400219317
0.665 4.343157572190956
0.67 4.303710135019719
0.675 4.263200821770462
0.68 4.221639627510075
0.685 4.179036806841351
0.69 4.13540287137281
0.695 4.090748587125119
0.7 4.045084971874737
0.705 3.998423292435453
0.71 3.9507750618784527
0.715 3.90215203669165
0.72 3.852566213878946
0.725 3.802029828000155
0.73 3.750555348152298
0.735 3.698155474893049
0.74 3.644843137107057
0.745 3.5906314888159443
0.75 3.5355339059327378
0.755 3.4795639829615723
0.76 3.422735529643444
0.765 3.3650625675488666
0.77 3.306559326618259
0.775 3.247240241650919
0.78 3.187119948743449
0.785 3.1262132816785253
0.79 3.0645352682648817
0.795 3.00210112662942
0.8 2.9389262614623664
0.805 2.8750262602163916
0.81 2.8104168892606523
0.815 2.7451140899906603
0.82 2.679133974894985
0.825 2.6124928235797444
0.83 2.545207078751857
0.835 2.4772933421620387
0.84 2.408768370508578
0.845 2.339649071302867
0.85 2.269952498697734
0.855 2.1996958492795766
0.86 2.1288964578253644
0.865 2.0575717930255437
0.87 1.985739453173903
0.875 1.9134171618254494
0.88 1.8406227634233907
0.885 1.7673742188962869
0.89 1.6936896012264566
0.895 1.6195870909907473
0.9 1.5450849718747375
0.905 1.4702016261615207
0.91 1.3949555301961456
0.915 1.319365249826864
0.92 1.243449435824274
0.925 1.1672268192795276
0.93 1.0907162069827117
0.935 1.0139364767825616
0.94 0.9369065729286251
0.945 0.8596455013970501
0.95 0.7821723252011549
0.955 0.7045061596879143
0.96 0.6266661678215226
0.965 0.5486715554552282
0.97 0.47054156659257174
0.975 0.3922954786392253
0.98 0.3139525976465679
0.985 0.23553225354821478
0.99 0.15705379539064118
0.995 0.07853658655910355
1.0 6.123233995736766E-16
1.005 -0.07853658655910009
1.01 -0.15705379539063996
1.015 -0.23553225354821133
1.02 -0.31395259764656674
1.025 -0.3922954786392219
1.03 -0.4705415665925705
1.035 -0.5486715554552248
1.04 -0.6266661678215214
1.045 -0.704506159687911
1.05 -0.7821723252011537
1.055 -0.8596455013970467
1.06 -0.9369065729286239
1.065 -1.0139364767825605
1.07 -1.0907162069827125
1.075 -1.1672268192795263
1.08 -1.2434494358242751
1.085 -1.3193652498268629
1.09 -1.3949555301961465
1.095 -1.4702016261615194
1.1 -1.5450849718747386
1.105 -1.619587090990746
1.11 -1.6936896012264575
1.115 -1.7673742188962858
1.12 -1.8406227634233916
1.125 -1.9134171618254483
1.13 -1.9857394531739
1.135 -2.0575717930255424
1.14 -2.1288964578253613
1.145 -2.1996958492795753
1.15 -2.269952498697731
1.155 -2.339649071302866
1.16 -2.408768370508575
1.165 -2.477293342162038
1.17 -2.5452070787518544
1.175 -2.6124928235797436
1.18 -2.6791339748949823
1.185 -2.745114089990659
1.19 -2.8104168892606514
1.195 -2.8750262602163925
1.2 -2.938926261462365
1.205 -3.0021011266294213
1.21 -3.064535268264881
1.215 -3.1262132816785257
1.22 -3.1871199487434483
1.225 -3.2472402416509194
1.23 -3.3065593266182587
1.235 -3.365062567548867
1.24 -3.4227355296434436
1.245 -3.479563982961573
1.25 -3.5355339059327373
1.255 -3.5906314888159416
1.26 -3.6448431371070567
1.265 -3.6981554748930474
1.27 -3.7505553481522975
1.275 -3.802029828000153
1.28 -3.852566213878947
1.285 -3.9021520366916462
1.29 -3.950775061878452
1.295 -3.9984232924354526
1.3 -4.045084971874736
1.305 -4.090748587125116
1.31 -4.135402871372808
1.315 -4.17903680684135
1.32 -4.2216396275100765
1.325 -4.263200821770459
1.33 -4.303710135019719
1.335 -4.3431575721909566
1.34 -4.381533400219318
1.345 -4.418828150443467
1.35 -4.455032620941839
1.355 -4.490137878803077
1.36 -4.524135262330099
1.365 -4.557016383177225
1.37 -4.5887731284199065
1.375 -4.619397662556432
1.38 -4.648882429441255
1.385 -4.677220154149337
1.39 -4.704403844771125
1.395 -4.730426794137727
1.4 -4.755282581475767
1.405 -4.77896507399165
1.41 -4.801468428384715
1.415 -4.82278709228899
1.42 -4.8429158056431545
1.425 -4.861849601988383
1.43 -4.879583809693736
1.435 -4.896114053108828
1.44 -4.911436253643443
1.445 -4.925546630773869
1.45 -4.938441702975688
1.455 -4.950118288582788
1.46 -4.960573506572389
1.465 -4.969804777275899
1.47 -4.9778098230154
1.475 -4.9845866686656395
1.48 -4.990133642141358
1.485 -4.99444937480985
1.49 -4.997532801828658
1.495 -4.999383162408303
1.5 -5.0
1.505 -4.999383162408303
1.51 -4.997532801828658
1.515 -4.99444937480985
1.52 -4.990133642141358
1.525 -4.98458666866564
1.53 -4.9778098230154
1.535 -4.969804777275899
1.54 -4.9605735065723895
1.545 -4.950118288582788
1.55 -4.938441702975689
1.555 -4.92554663077387
1.56 -4.911436253643443
1.565 -4.896114053108829
1.57 -4.879583809693736
1.575 -4.861849601988384
1.58 -4.842915805643155
1.585 -4.822787092288991
1.59 -4.801468428384715
1.595 -4.7789650739916505
1.6 -4.755282581475768
1.605 -4.730426794137727
1.61 -4.704403844771127
1.615 -4.677220154149337
1.62 -4.648882429441256
1.625 -4.619397662556433
1.63 -4.588773128419907
1.635 -4.557016383177226
1.64 -4.524135262330099
1.645 -4.490137878803078
1.65 -4.45503262094184
1.655 -4.418828150443468
1.66 -4.381533400219319
1.665 -4.343157572190957
1.67 -4.3037101350197196
1.675 -4.26320082177046
1.68 -4.221639627510077
1.685 -4.179036806841351
1.69 -4.1354028713728095
1.695 -4.090748587125118
1.7 -4.045084971874738
1.705 -3.9984232924354535
1.71 -3.950775061878453
1.715 -3.902152036691647
1.72 -3.852566213878948
1.725 -3.802029828000154
1.73 -3.7505553481522975
1.735 -3.6981554748930483
1.74 -3.644843137107058
1.745 -3.5906314888159447
1.75 -3.5355339059327386
1.755 -3.4795639829615728
1.76 -3.422735529643445
1.765 -3.365062567548869
1.77 -3.3065593266182614
1.775 -3.2472402416509203
1.78 -3.1871199487434483
1.785 -3.1262132816785293
1.79 -3.0645352682648825
1.795 -3.0021011266294204
1.8 -2.938926261462367
1.805 -2.875026260216394
1.81 -2.8104168892606545
1.815 -2.7451140899906608
1.82 -2.679133974894982
1.825 -2.612492823579747
1.83 -2.545207078751856
1.835 -2.4772933421620373
1.84 -2.4087683705085765
1.845 -2.3396490713028677
1.85 -2.2699524986977346
1.855 -2.199695849279577
1.86 -2.128896457825361
1.865 -2.057571793025546
1.87 -1.9857394531739017
1.875 -1.913417161825452
1.88 -1.8406227634233936
1.885 -1.7673742188962853
1.89 -1.6936896012264613
1.895 -1.619587090990748
1.9 -1.5450849718747381
1.905 -1.4702016261615214
1.91 -1.3949555301961483
1.915 -1.3193652498268669
1.92 -1.2434494358242767
1.925 -1.1672268192795259
1.93 -1.0907162069827165
1.935 -1.0139364767825623
1.94 -0.9369065729286234
1.945 -0.8596455013970484
1.95 -0.7821723252011556
1.955 -0.704506159687915
1.96 -0.6266661678215233
1.965 -0.5486715554552245
1.97 -0.4705415665925745
1.975 -0.39229547863922376
1.98 -0.3139525976465663
1.985 -0.2355322535482132
1.99 -0.1570537953906418
1.995 -0.07853658655910416
2.0 -1.2246467991473533E-15
2.005 0.07853658655910171
2.01 0.1570537953906349
2.015 0.23553225354821516
2.02 0.3139525976465639
2.025 0.39229547863922126
2.03 0.4705415665925677
2.035 0.5486715554552264
2.04 0.6266661678215208
2.045 0.7045061596879125
2.05 0.7821723252011487
2.055 0.8596455013970504
2.06 0.936906572928621
2.065 1.0139364767825598
2.07 1.0907162069827097
2.075 1.1672268192795279
2.08 1.2434494358242745
2.085 1.3193652498268647
2.09 1.3949555301961416
2.095 1.4702016261615234
2.1 1.545084971874736
2.105 1.6195870909907453
2.11 1.6936896012264548
2.115 1.7673742188962873
2.12 1.840622763423391
2.125 1.9134171618254499
2.13 1.9857394531738994
2.135 2.0575717930255397
2.14 2.1288964578253626
2.145 2.199695849279575
2.15 2.269952498697733
2.155 2.3396490713028615
2.16 2.4087683705085783
2.165 2.4772933421620356
2.17 2.545207078751854
2.175 2.6124928235797413
2.18 2.679133974894983
2.185 2.745114089990659
2.19 2.8104168892606527
2.195 2.8750262602163885
2.2 2.9389262614623677
2.205 3.002101126629419
2.21 3.0645352682648808
2.215 3.126213281678524
2.22 3.18711994874345
2.225 3.247240241650919
2.23 3.3065593266182596
2.235 3.365062567548863
2.24 3.4227355296434463
2.245 3.479563982961571
2.25 3.535533905932737
2.255 3.590631488815943
2.26 3.6448431371070527
2.265 3.6981554748930496
2.27 3.7505553481522957
2.275 3.8020298280001525
2.28 3.8525662138789434
2.285 3.9021520366916485
2.29 3.9507750618784514
2.295 3.9984232924354526
2.3 4.045084971874734
2.305 4.090748587125119
2.31 4.135402871372808
2.315 4.179036806841349
2.32 4.221639627510074
2.325 4.263200821770462
2.33 4.303710135019719
2.335 4.343157572190956
2.34 4.381533400219316
2.345 4.418828150443469
2.35 4.455032620941839
2.355 4.490137878803077
2.36 4.5241352623300966
2.365 4.557016383177227
2.37 4.5887731284199065
2.375 4.619397662556432
2.38 4.648882429441255
2.385 4.677220154149335
2.39 4.704403844771127
2.395 4.730426794137727
2.4 4.755282581475767
2.405 4.778965073991649
2.41 4.801468428384716
2.415 4.82278709228899
2.42 4.8429158056431545
2.425 4.861849601988382
2.43 4.879583809693737
2.435 4.896114053108828
2.44 4.911436253643443
2.445 4.9255466307738685
2.45 4.938441702975689
2.455 4.950118288582788
2.46 4.960573506572389
2.465 4.969804777275898
2.47 4.9778098230154
2.475 4.9845866686656395
2.48 4.990133642141358
2.485 4.994449374809849
2.49 4.997532801828658
2.495 4.999383162408303
2.5 5.0
2.505 4.999383162408303
2.51 4.997532801828658
2.515 4.994449374809849
2.52 4.990133642141358
2.525 4.98458666866564
2.53 4.9778098230154
2.535 4.969804777275899
2.54 4.9605735065723895
2.545 4.950118288582789
2.55 4.938441702975689
2.555 4.92554663077387
2.56 4.911436253643443
2.565 4.896114053108829
2.57 4.879583809693739
2.575 4.861849601988382
2.58 4.842915805643155
2.585 4.8227870922889915
2.59 4.801468428384715
2.595 4.77896507399165
2.6 4.755282581475768
2.605 4.730426794137726
2.61 4.704403844771129
2.615 4.677220154149336
2.62 4.648882429441258
2.625 4.619397662556434
2.63 4.588773128419907
2.635 4.5570163831772295
2.64 4.5241352623300966
2.645 4.490137878803079
2.65 4.455032620941842
2.655 4.418828150443468
2.66 4.3815334002193165
2.665 4.343157572190957
2.67 4.303710135019718
2.675 4.263200821770463
2.68 4.221639627510076
2.685 4.179036806841355
2.69 4.1354028713728095
2.695 4.090748587125121
2.7 4.045084971874738
2.705 3.9984232924354512
2.71 3.950775061878453
2.715 3.9021520366916533
2.72 3.852566213878943
2.725 3.802029828000154
2.73 3.7505553481523006
2.735 3.6981554748930483
2.74 3.644843137107055
2.745 3.590631488815945
2.75 3.5355339059327417
2.755 3.479563982961573
2.76 3.4227355296434485
2.765 3.365062567548869
2.77 3.3065593266182587
2.775 3.247240241650921
2.78 3.1871199487434554
2.785 3.1262132816785226
2.79 3.064535268264883
2.795 3.002101126629425
2.8 2.938926261462367
2.805 2.875026260216391
2.81 2.8104168892606554
2.815 2.745114089990657
2.82 2.6791339748949863
2.825 2.612492823579744
2.83 2.5452070787518606
2.835 2.477293342162038
2.84 2.408768370508581
2.845 2.339649071302868
2.85 2.2699524986977315
2.855 2.1996958492795775
2.86 2.1288964578253697
2.865 2.0575717930255384
2.87 1.9857394531739023
2.875 1.9134171618254525
2.88 1.8406227634233898
2.885 1.7673742188962902
2.89 1.6936896012264577
2.895 1.6195870909907526
2.9 1.545084971874739
2.905 1.470201626161526
2.91 1.394955530196149
2.915 1.319365249826863
2.92 1.2434494358242774
2.925 1.1672268192795352
2.93 1.0907162069827083
2.935 1.013936476782563
2.94 0.9369065729286284
2.945 0.859645501397049
2.95 0.7821723252011517
2.955 0.7045061596879155
2.96 0.6266661678215195
2.965 0.5486715554552295
2.97 0.47054156659257074
2.975 0.39229547863922876
2.98 0.3139525976465669
2.985 0.23553225354821825
2.99 0.1570537953906424
2.995 0.07853658655910033
3.0 1.8369701987210296E-15
3.005 -0.07853658655909665
3.01 -0.15705379539063874
3.015 -0.23553225354821458
3.02 -0.31395259764656325
3.025 -0.3922954786392251
3.03 -0.47054156659256713
3.035 -0.5486715554552258
3.04 -0.6266661678215159
3.045 -0.704506159687912
3.05 -0.7821723252011481
3.055 -0.8596455013970454
3.06 -0.9369065729286248
3.065 -1.0139364767825594
3.07 -1.090716206982705
3.075 -1.1672268192795316
3.08 -1.2434494358242738
3.085 -1.3193652498268595
3.09 -1.3949555301961452
3.095 -1.4702016261615225
3.1 -1.5450849718747353
3.105 -1.6195870909907488
3.11 -1.6936896012264544
3.115 -1.7673742188962869
3.12 -1.8406227634233863
3.125 -1.9134171618254492
3.13 -1.985739453173899
3.135 -2.0575717930255353
3.14 -2.128896457825366
3.145 -2.1996958492795744
3.15 -2.2699524986977284
3.155 -2.3396490713028646
3.16 -2.408768370508578
3.165 -2.477293342162035
3.17 -2.545207078751857
3.175 -2.612492823579741
3.18 -2.6791339748949827
3.185 -2.7451140899906545
3.19 -2.8104168892606523
3.195 -2.875026260216388
3.2 -2.938926261462364
3.205 -3.0021011266294217
3.21 -3.0645352682648803
3.215 -3.12621328167852
3.22 -3.1871199487434527
3.225 -3.2472402416509185
3.23 -3.306559326618256
3.235 -3.365062567548866
3.24 -3.422735529643446
3.245 -3.4795639829615705
3.25 -3.5355339059327395
3.255 -3.5906314888159425
3.26 -3.6448431371070527
3.265 -3.698155474893046
3.27 -3.750555348152298
3.275 -3.802029828000152
3.28 -3.8525662138789403
3.285 -3.902152036691651
3.29 -3.950775061878451
3.295 -3.998423292435449
3.3 -4.045084971874736
3.305 -4.090748587125118
3.31 -4.135402871372808
3.315 -4.179036806841352
3.32 -4.221639627510073
3.325 -4.263200821770462
3.33 -4.303710135019716
3.335 -4.343157572190956
3.34 -4.381533400219315
3.345 -4.418828150443466
3.35 -4.45503262094184
3.355 -4.490137878803077
3.36 -4.524135262330095
3.365 -4.557016383177229
3.37 -4.588773128419906
3.375 -4.619397662556432
3.38 -4.648882429441256
3.385 -4.677220154149334
3.39 -4.704403844771127
3.395 -4.730426794137725
3.4 -4.755282581475767
3.405 -4.778965073991649
3.41 -4.801468428384715
3.415 -4.822787092288991
3.42 -4.8429158056431545
3.425 -4.861849601988381
3.43 -4.879583809693738
3.435 -4.896114053108828
3.44 -4.911436253643442
3.445 -4.925546630773869
3.45 -4.938441702975689
3.455 -4.950118288582788
3.46 -4.9605735065723895
3.465 -4.969804777275898
3.47 -4.9778098230154
3.475 -4.9845866686656395
3.48 -4.990133642141358
3.485 -4.994449374809849
3.49 -4.997532801828658
3.495 -4.999383162408303
3.5 -5.0
3.505 -4.999383162408303
3.51 -4.997532801828658
3.515 -4.99444937480985
3.52 -4.990133642141358
3.525 -4.9845866686656395
3.53 -4.9778098230154
3.535 -4.969804777275899
3.54 -4.9605735065723895
3.545 -4.950118288582789
3.55 -4.938441702975689
3.555 -4.92554663077387
3.56 -4.911436253643443
3.565 -4.89611405310883
3.57 -4.879583809693739
3.575 -4.861849601988382
3.58 -4.842915805643156
3.585 -4.822787092288992
3.59 -4.801468428384716
3.595 -4.77896507399165
3.6 -4.755282581475769
3.605 -4.730426794137726
3.61 -4.704403844771129
3.615 -4.677220154149336
3.62 -4.648882429441258
3.625 -4.619397662556434
3.63 -4.588773128419907
3.635 -4.55701638317723
3.64 -4.5241352623300966
3.645 -4.490137878803079
3.65 -4.455032620941842
3.655 -4.418828150443469
3.66 -4.381533400219317
3.665 -4.343157572190958
3.67 -4.303710135019719
3.675 -4.2632008217704636
3.68 -4.221639627510076
3.685 -4.179036806841355
3.69 -4.1354028713728095
3.695 -4.090748587125121
3.7 -4.045084971874738
3.705 -3.9984232924354517
3.71 -3.9507750618784536
3.715 -3.9021520366916542
3.72 -3.852566213878943
3.725 -3.8020298280001548
3.73 -3.7505553481523006
3.735 -3.698155474893049
3.74 -3.6448431371070553
3.745 -3.590631488815945
3.75 -3.535533905932742
3.755 -3.4795639829615737
3.76 -3.4227355296434494
3.765 -3.3650625675488692
3.77 -3.306559326618259
3.775 -3.2472402416509216
3.78 -3.187119948743456
3.785 -3.126213281678523
3.79 -3.0645352682648834
3.795 -3.002101126629425
3.8 -2.9389262614623672
3.805 -2.875026260216391
3.81 -2.810416889260656
3.815 -2.7451140899906576
3.82 -2.6791339748949867
3.825 -2.6124928235797444
3.83 -2.545207078751861
3.835 -2.4772933421620387
3.84 -2.4087683705085814
3.845 -2.3396490713028686
3.85 -2.269952498697732
3.855 -2.1996958492795784
3.86 -2.12889645782537
3.865 -2.0575717930255393
3.87 -1.9857394531739028
3.875 -1.913417161825453
3.88 -1.8406227634233905
3.885 -1.7673742188962906
3.89 -1.6936896012264582
3.895 -1.619587090990753
3.9 -1.5450849718747395
3.905 -1.4702016261615267
3.91 -1.3949555301961494
3.915 -1.3193652498268638
3.92 -1.243449435824278
3.925 -1.1672268192795359
3.93 -1.090716206982709
3.935 -1.0139364767825634
3.94 -0.936906572928629
3.945 -0.8596455013970496
3.95 -0.7821723252011524
3.955 -0.7045061596879161
3.96 -0.6266661678215201
3.965 -0.54867155545523
3.97 -0.47054156659257135
3.975 -0.39229547863922937
3.98 -0.3139525976465676
3.985 -0.23553225354821883
3.99 -0.15705379539064301
3.995 -0.07853658655910095
4.0 -2.4492935982947065E-15
