sin
3.0
0.0
10.0
5.0
0.2
0.0
0.0
0
0
0
100.0
0.0
0.0 0.0
0.01 0.03769811965005782
0.02 0.07539028633001243
0.03 0.11307054800980362
0.04 0.15073295453930868
0.05 0.18837155858794014
0.06 0.22598041658379817
0.07 0.2635535896522295
0.08 0.30108514455364466
0.09 0.338569154620445
0.1 0.3759997006929128
0.11 0.4133708720539142
0.12 0.4506767673622712
0.13 0.48791149558465075
0.14 0.5250691769258282
0.15 0.5621439437571738
0.16 0.5991299415432211
0.17 0.6360213297661639
0.18 0.6728122828481435
0.19 0.709496991071174
0.2 0.7460696614945643
0.21 0.7825245188696908
0.22 0.8188558065519757
0.23 0.8550577874099283
0.24 0.8911247447311048
0.25 0.9270509831248421
0.26 0.9628308294216285
0.27 0.99845863356896
0.28 1.033928769523551
0.29 1.0692356361397521
0.3 1.1043736580540338
0.31 1.1393372865654032
0.32 1.1741210005116072
0.33 1.2087193071409879
0.34 1.2431267429798525
0.35 1.2773378746952178
0.36 1.3113472999527986
0.37 1.3451496482700966
0.38 1.3787395818644634
0.39 1.4121117964959975
0.4 1.445261022305146
0.41 1.4781820246448745
0.42 1.5108696049072825
0.43 1.5433186013445193
0.44 1.575523889883887
0.45 1.60748038493699
0.46 1.6391830402028074
0.47 1.670626849464564
0.48 1.7018068473802694
0.49 1.732718110266803
0.5 1.7633557568774194
0.51 1.7937149491725566
0.52 1.823790893083816
0.53 1.853578839271003
0.54 1.8830740838721018
0.55 1.9122719692460692
0.56 1.941167884708333
0.57 1.9697572672588692
0.58 1.9980356023027546
0.59 2.025998424363073
0.6 2.0536413177860657
0.61 2.080959917438415
0.62 2.1079499093965475
0.63 2.134607031627856
0.64 2.1609270746637206
0.65 2.1869058822642344
0.66 2.212539352074522
0.67 2.237823436272546
0.68 2.262754142208311
0.69 2.287327533034343
0.7 2.3115397283273675
0.71 2.3353869047010702
0.72 2.358865296409857
0.73 2.381971195943506
0.74 2.4047009546126294
0.75 2.4270509831248424
0.76 2.4490177521515517
0.77 2.4705977928852825
0.78 2.4917876975874376
0.79 2.512584120126425
0.8 2.532983776506045
0.81 2.5529834453840756
0.82 2.5725799685809565
0.83 2.591770251578506
0.84 2.610551264008577
0.85 2.628920040131591
0.86 2.6468736793048597
0.87 2.6644093464406335
0.88 2.6815242724537915
0.89 2.698215754699113
0.9 2.7144811573980587
0.91 2.730317912054987
0.92 2.7457235178627526
0.93 2.7606955420976114
0.94 2.7752316205033742
0.95 2.789329457664754
0.96 2.802986827369836
0.97 2.816201572961622
0.98 2.8289716076785933
0.99 2.841294914984233
1.0 2.8531695488854605
1.01 2.8645936342399287
1.02 2.8755653670521273
1.03 2.886083014758258
1.04 2.8961449164998214
1.05 2.9057494833858932
1.06 2.9148951987440217
1.07 2.9235806183597313
1.08 2.9318043707045804
1.09 2.9395651571527406
1.1 2.946861752186066
1.11 2.953693003587616
1.12 2.9600578326236042
1.13 2.965955234213742
1.14 2.9713842770899537
1.15 2.9763441039434335
1.16 2.980833931560025
1.17 2.9848530509439004
1.18 2.9884008274295173
1.19 2.991476700781842
1.2 2.9940801852848145
1.21 2.9962108698180523
1.22 2.997868417921768
1.23 2.9990525678499
1.24 2.9997631326114482
1.25 3.0
1.26 2.9997631326114482
1.27 2.9990525678499
1.28 2.997868417921768
1.29 2.9962108698180523
1.3 2.9940801852848145
1.31 2.991476700781842
1.32 2.9884008274295173
1.33 2.9848530509439004
1.34 2.980833931560025
1.35 2.9763441039434335
1.36 2.9713842770899537
1.37 2.965955234213742
1.38 2.9600578326236047
1.39 2.9536930035876163
1.4 2.946861752186066
1.41 2.9395651571527406
1.42 2.9318043707045804
1.43 2.9235806183597317
1.44 2.9148951987440217
1.45 2.9057494833858937
1.46 2.8961449164998214
1.47 2.886083014758258
1.48 2.8755653670521277
1.49 2.864593634239929
1.5 2.853169548885461
1.51 2.841294914984233
1.52 2.828971607678594
1.53 2.816201572961622
1.54 2.8029868273698364
1.55 2.7893294576647545
1.56 2.7752316205033742
1.57 2.7606955420976114
1.58 2.7457235178627526
1.59 2.730317912054987
1.6 2.7144811573980583
1.61 2.698215754699113
1.62 2.6815242724537915
1.63 2.6644093464406335
1.64 2.6468736793048606
1.65 2.6289200401315913
1.66 2.610551264008577
1.67 2.591770251578506
1.68 2.5725799685809565
1.69 2.5529834453840756
1.7 2.5329837765060454
1.71 2.512584120126425
1.72 2.491787697587438
1.73 2.4705977928852825
1.74 2.449017752151552
1.75 2.4270509831248424
1.76 2.4047009546126294
1.77 2.381971195943506
1.78 2.3588652964098573
1.79 2.3353869047010702
1.8 2.311539728327368
1.81 2.287327533034343
1.82 2.262754142208312
1.83 2.2378234362725467
1.84 2.212539352074522
1.85 2.1869058822642344
1.86 2.16092707466372
1.87 2.1346070316278563
1.88 2.1079499093965475
1.89 2.080959917438416
1.9 2.0536413177860666
1.91 2.025998424363074
1.92 1.998035602302755
1.93 1.9697572672588692
1.94 1.9411678847083338
1.95 1.9122719692460697
1.96 1.8830740838721018
1.97 1.853578839271003
1.98 1.823790893083817
1.99 1.793714949172557
2.0 1.7633557568774196
2.01 1.732718110266804
2.02 1.7018068473802692
2.03 1.6706268494645644
2.04 1.6391830402028078
2.05 1.607480384936991
2.06 1.5755238898838868
2.07 1.54331860134452
2.08 1.5108696049072827
2.09 1.478182024644876
2.1 1.4452610223051456
2.11 1.4121117964959984
2.12 1.3787395818644639
2.13 1.3451496482700969
2.14 1.3113472999527986
2.15 1.2773378746952186
2.16 1.2431267429798516
2.17 1.2087193071409883
2.18 1.1741210005116072
2.19 1.1393372865654041
2.2 1.1043736580540333
2.21 1.0692356361397524
2.22 1.033928769523551
2.23 0.9984586335689609
2.24 0.9628308294216278
2.25 0.9270509831248426
2.26 0.8911247447311061
2.27 0.8550577874099281
2.28 0.8188558065519763
2.29 0.7825245188696912
2.3 0.7460696614945657
2.31 0.7094969910711738
2.32 0.6728122828481443
2.33 0.6360213297661643
2.34 0.5991299415432225
2.35 0.5621439437571737
2.36 0.5250691769258289
2.37 0.4879114955846513
2.38 0.45067676736227136
2.39 0.4133708720539141
2.4 0.3759997006929136
2.41 0.3385691546204443
2.42 0.30108514455364493
2.43 0.26355358965222947
2.44 0.22598041658379914
2.45 0.1883715585879394
2.46 0.150732954539309
2.47 0.1130705480098036
2.48 0.07539028633001343
2.49 0.03769811965005718
2.5 3.6739403974420594E-16
2.51 -0.03769811965005644
2.52 -0.07539028633001271
2.53 -0.11307054800980287
2.54 -0.15073295453930824
2.55 -0.1883715585879387
2.56 -0.22598041658379836
2.57 -0.26355358965222875
2.58 -0.3010851445536442
2.59 -0.33856915462044357
2.6 -0.3759997006929129
2.61 -0.4133708720539133
2.62 -0.4506767673622706
2.63 -0.4879114955846506
2.64 -0.5250691769258282
2.65 -0.5621439437571729
2.66 -0.5991299415432217
2.67 -0.6360213297661637
2.68 -0.6728122828481435
2.69 -0.7094969910711731
2.7 -0.746069661494565
2.71 -0.7825245188696905
2.72 -0.8188558065519757
2.73 -0.8550577874099273
2.74 -0.8911247447311053
2.75 -0.9270509831248419
2.76 -0.9628308294216271
2.77 -0.9984586335689603
2.78 -1.0339287695235506
2.79 -1.0692356361397517
2.8 -1.1043736580540324
2.81 -1.1393372865654035
2.82 -1.1741210005116065
2.83 -1.2087193071409874
2.84 -1.243126742979851
2.85 -1.277337874695218
2.86 -1.311347299952798
2.87 -1.3451496482700962
2.88 -1.3787395818644632
2.89 -1.4121117964959977
2.9 -1.445261022305145
2.91 -1.4781820246448754
2.92 -1.5108696049072825
2.93 -1.5433186013445193
2.94 -1.5755238898838861
2.95 -1.6074803849369903
2.96 -1.639183040202807
2.97 -1.670626849464564
2.98 -1.7018068473802686
2.99 -1.7327181102668032
3.0 -1.7633557568774192
3.01 -1.7937149491725555
3.02 -1.8237908930838165
3.03 -1.8535788392710022
3.04 -1.883074083872101
3.05 -1.912271969246068
3.06 -1.941167884708333
3.07 -1.9697572672588686
3.08 -1.9980356023027543
3.09 -2.025998424363072
3.1 -2.053641317786066
3.11 -2.080959917438414
3.12 -2.107949909396547
3.13 -2.134607031627856
3.14 -2.1609270746637206
3.15 -2.186905882264234
3.16 -2.212539352074522
3.17 -2.237823436272546
3.18 -2.262754142208311
3.19 -2.2873275330343437
3.2 -2.311539728327368
3.21 -2.3353869047010694
3.22 -2.3588652964098573
3.23 -2.3819711959435055
3.24 -2.404700954612629
3.25 -2.427050983124842
3.26 -2.4490177521515517
3.27 -2.4705977928852825
3.28 -2.4917876975874367
3.29 -2.5125841201264256
3.3 -2.5329837765060446
3.31 -2.5529834453840747
3.32 -2.572579968580956
3.33 -2.5917702515785055
3.34 -2.610551264008577
3.35 -2.628920040131591
3.36 -2.64687367930486
3.37 -2.6644093464406335
3.38 -2.6815242724537907
3.39 -2.6982157546991123
3.4 -2.7144811573980583
3.41 -2.7303179120549865
3.42 -2.7457235178627526
3.43 -2.7606955420976114
3.44 -2.7752316205033742
3.45 -2.7893294576647545
3.46 -2.8029868273698355
3.47 -2.8162015729616225
3.48 -2.828971607678593
3.49 -2.841294914984233
3.5 -2.8531695488854605
3.51 -2.8645936342399287
3.52 -2.8755653670521277
3.53 -2.886083014758257
3.54 -2.896144916499822
3.55 -2.905749483385893
3.56 -2.9148951987440217
3.57 -2.9235806183597313
3.58 -2.93180437070458
3.59 -2.9395651571527406
3.6 -2.946861752186066
3.61 -2.9536930035876163
3.62 -2.9600578326236047
3.63 -2.965955234213742
3.64 -2.9713842770899537
3.65 -2.9763441039434335
3.66 -2.980833931560025
3.67 -2.9848530509439004
3.68 -2.9884008274295173
3.69 -2.991476700781842
3.7 -2.9940801852848145
3.71 -2.9962108698180523
3.72 -2.997868417921768
3.73 -2.9990525678499
3.74 -2.9997631326114482
3.75 -3.0
3.76 -2.9997631326114482
3.77 -2.9990525678499
3.78 -2.997868417921768
3.79 -2.9962108698180523
3.8 -2.9940801852848145
3.81 -2.991476700781842
3.82 -2.9884008274295173
3.83 -2.9848530509439004
3.84 -2.980833931560025
3.85 -2.9763441039434335
3.86 -2.9713842770899537
3.87 -2.965955234213742
3.88 -2.9600578326236047
3.89 -2.9536930035876163
3.9 -2.946861752186066
3.91 -2.9395651571527406
3.92 -2.9318043707045804
3.93 -2.9235806183597313
3.94 -2.9148951987440217
3.95 -2.9057494833858932
3.96 -2.8961449164998223
3.97 -2.8860830147582575
3.98 -2.875565367052128
3.99 -2.864593634239929
4.0 -2.853169548885461
4.01 -2.841294914984233
4.02 -2.8289716076785942
4.03 -2.816201572961622
4.04 -2.8029868273698355
4.05 -2.7893294576647545
4.06 -2.7752316205033747
4.07 -2.7606955420976105
4.08 -2.745723517862753
4.09 -2.7303179120549874
4.1 -2.7144811573980596
4.11 -2.698215754699113
4.12 -2.681524272453791
4.13 -2.6644093464406344
4.14 -2.6468736793048606
4.15 -2.62892004013159
4.16 -2.6105512640085773
4.17 -2.591770251578506
4.18 -2.5725799685809583
4.19 -2.5529834453840756
4.2 -2.532983776506045
4.21 -2.5125841201264265
4.22 -2.491787697587439
4.23 -2.4705977928852816
4.24 -2.4490177521515526
4.25 -2.427050983124843
4.26 -2.40470095461263
4.27 -2.3819711959435077
4.28 -2.3588652964098564
4.29 -2.33538690470107
4.3 -2.311539728327369
4.31 -2.287327533034344
4.32 -2.2627541422083106
4.33 -2.237823436272547
4.34 -2.212539352074522
4.35 -2.186905882264236
4.36 -2.1609270746637206
4.37 -2.134607031627856
4.38 -2.107949909396549
4.39 -2.080959917438416
4.4 -2.053641317786065
4.41 -2.025998424363074
4.42 -1.9980356023027555
4.43 -1.9697572672588715
4.44 -1.941167884708333
4.45 -1.9122719692460688
4.46 -1.8830740838721032
4.47 -1.8535788392710044
4.48 -1.8237908930838151
4.49 -1.7937149491725575
4.5 -1.76335575687742
4.51 -1.7327181102668032
4.52 -1.7018068473802717
4.53 -1.670626849464564
4.54 -1.6391830402028067
4.55 -1.6074803849369914
4.56 -1.5755238898838884
4.57 -1.543318601344518
4.58 -1.510869604907283
4.59 -1.478182024644875
4.6 -1.4452610223051483
4.61 -1.4121117964959975
4.62 -1.3787395818644632
4.63 -1.3451496482700984
4.64 -1.3113472999528002
4.65 -1.2773378746952166
4.66 -1.2431267429798534
4.67 -1.2087193071409885
4.68 -1.1741210005116098
4.69 -1.1393372865654032
4.7 -1.1043736580540335
4.71 -1.069235636139754
4.72 -1.0339287695235526
4.73 -0.9984586335689587
4.74 -0.9628308294216295
4.75 -0.9270509831248428
4.76 -0.891124744731105
4.77 -0.855057787409931
4.78 -0.8188558065519755
4.79 -0.7825245188696903
4.8 -0.7460696614945661
4.81 -0.7094969910711755
4.82 -0.6728122828481421
4.83 -0.6360213297661648
4.84 -0.5991299415432216
4.85 -0.5621439437571767
4.86 -0.525069176925828
4.87 -0.4879114955846503
4.88 -0.450676767362273
4.89 -0.41337087205391576
4.9 -0.37599970069291133
4.91 -0.338569154620446
4.92 -0.30108514455364527
4.93 -0.2635535896522325
4.94 -0.22598041658379817
4.95 -0.1883715585879398
4.96 -0.15073295453931068
4.97 -0.11307054800980532
4.98 -0.07539028633001114
4.99 -0.03769811965005888
5.0 -7.347880794884119E-16
5.01 0.037698119650057406
5.02 0.07539028633000967
5.03 0.11307054800980383
5.04 0.1507329545393092
5.05 0.18837155858793833
5.06 0.22598041658379667
5.07 0.26355358965223097
5.08 0.3010851445536438
5.09 0.33856915462044457
5.1 0.3759997006929099
5.11 0.4133708720539143
5.12 0.4506767673622716
5.13 0.4879114955846489
5.14 0.5250691769258266
5.15 0.5621439437571752
5.16 0.5991299415432201
5.17 0.6360213297661633
5.18 0.6728122828481407
5.19 0.709496991071174
5.2 0.7460696614945647
5.21 0.7825245188696888
5.22 0.818855806551974
5.23 0.8550577874099297
5.24 0.8911247447311037
5.25 0.9270509831248415
5.26 0.9628308294216281
5.27 0.9984586335689574
5.28 1.0339287695235513
5.29 1.0692356361397526
5.3 1.104373658054032
5.31 1.139337286565402
5.32 1.1741210005116085
5.33 1.2087193071409872
5.34 1.243126742979852
5.35 1.2773378746952153
5.36 1.3113472999527989
5.37 1.3451496482700973
5.38 1.3787395818644619
5.39 1.4121117964959962
5.4 1.445261022305147
5.41 1.4781820246448738
5.42 1.510869604907282
5.43 1.5433186013445166
5.44 1.575523889883887
5.45 1.60748038493699
5.46 1.6391830402028054
5.47 1.6706268494645626
5.48 1.7018068473802705
5.49 1.732718110266802
5.5 1.7633557568774187
5.51 1.7937149491725561
5.52 1.8237908930838138
5.53 1.8535788392710033
5.54 1.8830740838721018
5.55 1.9122719692460675
5.56 1.9411678847083316
5.57 1.9697572672588706
5.58 1.9980356023027543
5.59 2.0259984243630726
5.6 2.053641317786064
5.61 2.080959917438415
5.62 2.107949909396548
5.63 2.134607031627855
5.64 2.1609270746637197
5.65 2.1869058822642358
5.66 2.212539352074521
5.67 2.2378234362725458
5.68 2.2627541422083093
5.69 2.2873275330343437
5.7 2.311539728327368
5.71 2.335386904701069
5.72 2.3588652964098555
5.73 2.381971195943507
5.74 2.404700954612629
5.75 2.4270509831248415
5.76 2.4490177521515513
5.77 2.4705977928852807
5.78 2.491787697587438
5.79 2.512584120126425
5.8 2.532983776506044
5.81 2.5529834453840747
5.82 2.572579968580958
5.83 2.5917702515785055
5.84 2.610551264008577
5.85 2.6289200401315895
5.86 2.6468736793048597
5.87 2.6644093464406335
5.88 2.68152427245379
5.89 2.6982157546991123
5.9 2.714481157398059
5.91 2.7303179120549865
5.92 2.745723517862752
5.93 2.7606955420976096
5.94 2.7752316205033742
5.95 2.7893294576647545
5.96 2.8029868273698355
5.97 2.8162015729616217
5.98 2.828971607678594
5.99 2.8412949149842324
6.0 2.8531695488854605
6.01 2.8645936342399287
6.02 2.875565367052127
6.03 2.886083014758258
6.04 2.8961449164998214
6.05 2.905749483385893
6.06 2.9148951987440213
6.07 2.9235806183597317
6.08 2.93180437070458
6.09 2.9395651571527406
6.1 2.9468617521860656
6.11 2.953693003587616
6.12 2.9600578326236042
6.13 2.965955234213742
6.14 2.9713842770899537
6.15 2.9763441039434335
6.16 2.980833931560025
6.17 2.9848530509439004
6.18 2.9884008274295173
6.19 2.991476700781842
6.2 2.9940801852848145
6.21 2.9962108698180523
6.22 2.997868417921768
6.23 2.9990525678499
6.24 2.9997631326114482
6.25 3.0
6.26 2.9997631326114482
6.27 2.9990525678499003
6.28 2.997868417921768
6.29 2.9962108698180523
6.3 2.9940801852848145
6.31 2.991476700781842
6.32 2.9884008274295173
6.33 2.9848530509439004
6.34 2.980833931560025
6.35 2.976344103943434
6.36 2.9713842770899537
6.37 2.9659552342137427
6.38 2.9600578326236042
6.39 2.9536930035876163
6.4 2.9468617521860656
6.41 2.939565157152741
6.42 2.9318043707045813
6.43 2.9235806183597317
6.44 2.9148951987440213
6.45 2.9057494833858932
6.46 2.8961449164998223
6.47 2.8860830147582575
6.48 2.875565367052128
6.49 2.8645936342399283
6.5 2.853169548885461
6.51 2.841294914984234
6.52 2.828971607678594
6.53 2.8162015729616234
6.54 2.802986827369836
6.55 2.789329457664755
6.56 2.7752316205033756
6.57 2.7606955420976114
6.58 2.7457235178627517
6.59 2.7303179120549874
6.6 2.71448115739806
6.61 2.6982157546991132
6.62 2.6815242724537924
6.63 2.6644093464406335
6.64 2.6468736793048606
6.65 2.62892004013159
6.66 2.6105512640085773
6.67 2.5917702515785077
6.68 2.572579968580957
6.69 2.5529834453840743
6.7 2.532983776506045
6.71 2.5125841201264265
6.72 2.491787697587437
6.73 2.470597792885283
6.74 2.4490177521515513
6.75 2.427050983124843
6.76 2.4047009546126317
6.77 2.381971195943506
6.78 2.358865296409858
6.79 2.3353869047010702
6.8 2.311539728327369
6.81 2.2873275330343463
6.82 2.262754142208313
6.83 2.2378234362725453
6.84 2.212539352074522
6.85 2.1869058822642367
6.86 2.1609270746637206
6.87 2.1346070316278576
6.88 2.107949909396547
6.89 2.080959917438416
6.9 2.0536413177860653
6.91 2.025998424363074
6.92 1.9980356023027577
6.93 1.96975726725887
6.94 1.9411678847083311
6.95 1.9122719692460692
6.96 1.8830740838721034
6.97 1.8535788392710026
6.98 1.8237908930838174
6.99 1.7937149491725555
7.0 1.76335575687742
7.01 1.7327181102668057
7.02 1.7018068473802699
7.03 1.6706268494645662
7.04 1.639183040202807
7.05 1.6074803849369916
7.06 1.5755238898838908
7.07 1.5433186013445206
7.08 1.5108696049072812
7.09 1.4781820246448754
7.1 1.4452610223051487
7.11 1.412111796495998
7.12 1.3787395818644659
7.13 1.3451496482700964
7.14 1.3113472999528004
7.15 1.2773378746952169
7.16 1.2431267429798536
7.17 1.2087193071409912
7.18 1.1741210005116078
7.19 1.1393372865654012
7.2 1.104373658054034
7.21 1.0692356361397541
7.22 1.0339287695235506
7.23 0.9984586335689616
7.24 0.9628308294216272
7.25 0.9270509831248434
7.26 0.8911247447311079
7.27 0.8550577874099288
7.28 0.8188558065519783
7.29 0.7825245188696907
7.3 0.7460696614945664
7.31 0.7094969910711785
7.32 0.672812282848145
7.33 0.6360213297661624
7.34 0.5991299415432219
7.35 0.562143943757177
7.36 0.5250691769258283
7.37 0.4879114955846533
7.38 0.4506767673622708
7.39 0.41337087205391615
7.4 0.37599970069291166
7.41 0.33856915462044634
7.42 0.3010851445536483
7.43 0.2635535896522302
7.44 0.22598041658379586
7.45 0.18837155858794016
7.46 0.15073295453931104
7.47 0.113070548009803
7.48 0.07539028633001418
7.49 0.03769811965005658
7.5 1.102182119232618E-15
7.51 -0.037698119650054374
7.52 -0.07539028633001196
7.53 -0.11307054800980082
7.54 -0.15073295453930885
7.55 -0.18837155858793797
7.56 -0.22598041658379367
7.57 -0.26355358965222797
7.58 -0.3010851445536461
7.59 -0.3385691546204442
7.6 -0.37599970069290956
7.61 -0.4133708720539139
7.62 -0.4506767673622686
7.63 -0.4879114955846512
7.64 -0.5250691769258262
7.65 -0.5621439437571749
7.66 -0.5991299415432197
7.67 -0.6360213297661603
7.68 -0.6728122828481429
7.69 -0.7094969910711763
7.7 -0.7460696614945643
7.71 -0.7825245188696885
7.72 -0.8188558065519763
7.73 -0.8550577874099267
7.74 -0.8911247447311059
7.75 -0.9270509831248412
7.76 -0.9628308294216251
7.77 -0.9984586335689596
7.78 -1.0339287695235484
7.79 -1.0692356361397524
7.8 -1.1043736580540318
7.81 -1.1393372865653992
7.82 -1.1741210005116058
7.83 -1.2087193071409892
7.84 -1.2431267429798516
7.85 -1.277337874695215
7.86 -1.3113472999527984
7.87 -1.3451496482700944
7.88 -1.3787395818644639
7.89 -1.412111796495996
7.9 -1.4452610223051465
7.91 -1.4781820246448736
7.92 -1.5108696049072794
7.93 -1.5433186013445186
7.94 -1.5755238898838893
7.95 -1.6074803849369896
7.96 -1.6391830402028054
7.97 -1.6706268494645644
7.98 -1.7018068473802679
7.99 -1.732718110266804
8.0 -1.7633557568774183
8.01 -1.793714949172554
8.02 -1.8237908930838158
8.03 -1.8535788392710006
8.04 -1.8830740838720974
8.05 -1.9122719692460715
8.06 -1.9411678847083333
8.07 -1.9697572672588683
8.08 -1.998035602302756
8.09 -2.025998424363072
8.1 -2.0536413177860635
8.11 -2.0809599174384106
8.12 -2.1079499093965457
8.13 -2.1346070316278563
8.14 -2.160927074663723
8.15 -2.1869058822642353
8.16 -2.2125393520745207
8.17 -2.237823436272544
8.18 -2.262754142208311
8.19 -2.2873275330343414
8.2 -2.311539728327364
8.21 -2.335386904701072
8.22 -2.3588652964098573
8.23 -2.381971195943505
8.24 -2.4047009546126303
8.25 -2.4270509831248415
8.26 -2.44901775215155
8.27 -2.470597792885282
8.28 -2.4917876975874362
8.29 -2.512584120126422
8.3 -2.532983776506047
8.31 -2.5529834453840756
8.32 -2.572579968580956
8.33 -2.5917702515785064
8.34 -2.6105512640085764
8.35 -2.628920040131589
8.36 -2.646873679304857
8.37 -2.6644093464406327
8.38 -2.6815242724537915
8.39 -2.6982157546991146
8.4 -2.714481157398059
8.41 -2.7303179120549865
8.42 -2.7457235178627513
8.43 -2.760695542097611
8.44 -2.775231620503373
8.45 -2.789329457664752
8.46 -2.8029868273698373
8.47 -2.8162015729616225
8.48 -2.828971607678593
8.49 -2.841294914984233
8.5 -2.85316954888546
8.51 -2.864593634239928
8.52 -2.8755653670521273
8.53 -2.886083014758257
8.54 -2.8961449164998205
8.55 -2.905749483385894
8.56 -2.9148951987440217
8.57 -2.923580618359731
8.58 -2.931804370704581
8.59 -2.93956515715274
8.6 -2.9468617521860656
8.61 -2.953693003587615
8.62 -2.960057832623604
8.63 -2.9659552342137423
8.64 -2.971384277089954
8.65 -2.9763441039434335
8.66 -2.980833931560025
8.67 -2.9848530509439
8.68 -2.9884008274295173
8.69 -2.9914767007818415
8.7 -2.9940801852848145
8.71 -2.9962108698180527
8.72 -2.997868417921768
8.73 -2.9990525678499
8.74 -2.9997631326114482
8.75 -3.0
8.76 -2.9997631326114482
8.77 -2.9990525678499
8.78 -2.997868417921768
8.79 -2.9962108698180527
8.8 -2.9940801852848145
8.81 -2.991476700781842
8.82 -2.9884008274295173
8.83 -2.9848530509439
8.84 -2.980833931560025
8.85 -2.976344103943434
8.86 -2.9713842770899546
8.87 -2.9659552342137427
8.88 -2.9600578326236042
8.89 -2.953693003587616
8.9 -2.9468617521860656
8.91 -2.939565157152741
8.92 -2.9318043707045813
8.93 -2.9235806183597317
8.94 -2.9148951987440226
8.95 -2.905749483385895
8.96 -2.896144916499821
8.97 -2.8860830147582575
8.98 -2.875565367052128
8.99 -2.8645936342399283
9.0 -2.8531695488854614
9.01 -2.841294914984234
9.02 -2.828971607678594
9.03 -2.8162015729616234
9.04 -2.802986827369838
9.05 -2.789329457664753
9.06 -2.775231620503374
9.07 -2.760695542097612
9.08 -2.745723517862752
9.09 -2.7303179120549874
9.1 -2.71448115739806
9.11 -2.6982157546991155
9.12 -2.6815242724537924
9.13 -2.6644093464406335
9.14 -2.6468736793048584
9.15 -2.6289200401315904
9.16 -2.6105512640085777
9.17 -2.5917702515785077
9.18 -2.5725799685809574
9.19 -2.5529834453840774
9.2 -2.532983776506048
9.21 -2.512584120126424
9.22 -2.4917876975874376
9.23 -2.4705977928852834
9.24 -2.4490177521515513
9.25 -2.4270509831248432
9.26 -2.4047009546126317
9.27 -2.3819711959435064
9.28 -2.358865296409858
9.29 -2.335386904701074
9.3 -2.3115397283273658
9.31 -2.287327533034343
9.32 -2.262754142208313
9.33 -2.2378234362725458
9.34 -2.2125393520745225
9.35 -2.186905882264237
9.36 -2.160927074663725
9.37 -2.134607031627858
9.38 -2.1079499093965475
9.39 -2.080959917438413
9.4 -2.0536413177860657
9.41 -2.0259984243630744
9.42 -1.9980356023027577
9.43 -1.96975726725887
9.44 -1.9411678847083353
9.45 -1.9122719692460737
9.46 -1.8830740838720994
9.47 -1.8535788392710026
9.48 -1.8237908930838178
9.49 -1.7937149491725557
9.5 -1.7633557568774205
9.51 -1.7327181102668059
9.52 -1.7018068473802703
9.53 -1.6706268494645666
9.54 -1.6391830402028118
9.55 -1.6074803849369874
9.56 -1.5755238898838868
9.57 -1.543318601344521
9.58 -1.5108696049072814
9.59 -1.4781820246448758
9.6 -1.445261022305149
9.61 -1.4121117964960028
9.62 -1.378739581864466
9.63 -1.3451496482700966
9.64 -1.311347299952796
9.65 -1.2773378746952173
9.66 -1.2431267429798538
9.67 -1.2087193071409916
9.68 -1.174121000511608
9.69 -1.1393372865654063
9.7 -1.104373658054039
9.71 -1.0692356361397497
9.72 -1.0339287695235508
9.73 -0.9984586335689618
9.74 -0.9628308294216277
9.75 -0.9270509831248437
9.76 -0.8911247447311084
9.77 -0.8550577874099292
9.78 -0.8188558065519786
9.79 -0.7825245188696961
9.8 -0.7460696614945617
9.81 -0.7094969910711736
9.82 -0.6728122828481453
9.83 -0.6360213297661628
9.84 -0.5991299415432223
9.85 -0.5621439437571774
9.86 -0.525069176925834
9.87 -0.48791149558465374
9.88 -0.45067676736227114
9.89 -0.4133708720539112
9.9 -0.375999700692912
9.91 -0.3385691546204467
9.92 -0.30108514455364865
9.93 -0.2635535896522305
9.94 -0.22598041658380152
9.95 -0.18837155858794583
9.96 -0.15073295453930607
9.97 -0.11307054800980337
9.98 -0.07539028633001454
9.99 -0.03769811965005695
10.0 -1.4695761589768238E-15
