sin
2.0
0.0
4.0
2.0
0.0
0.0
0
0
0
200.0
0.0
0.0 0.0
0.005 0.03141463462364135
0.01 0.06282151815625658
0.015 0.09421290141928532
0.02 0.12558103905862675
0.025 0.1569181914556899
0.03 0.18821662663702862
0.035 0.21946862218209057
0.04 0.2506664671286085
0.045 0.28180246387516533
0.05 0.31286893008046174
0.055 0.34385820055881905
0.06 0.3747626291714492
0.065 0.405574590713025
0.07 0.43628648279308513
0.075 0.4668907277118108
0.08 0.4973797743297096
0.085 0.5277460999307458
0.09 0.5579822120784586
0.095 0.5880806504646079
0.1 0.6180339887498948
0.105 0.6478348363962988
0.11 0.6774758404905827
0.115 0.7069496875585143
0.12 0.7362491053693558
0.125 0.7653668647301796
0.13 0.7942957812695612
0.135 0.8230287172102176
0.14 0.8515585831301454
0.145 0.8798783397118302
0.15 0.9079809994790935
0.155 0.9358596285211468
0.16 0.9635073482034306
0.165 0.9909173368648152
0.17 1.0180828315007426
0.175 1.0449971294318976
0.18 1.0716535899579933
0.185 1.0980456359962636
0.19 1.1241667557042612
0.195 1.1500105040865571
0.2 1.1755705045849463
0.205 1.2008404506517678
0.21 1.2258141073059527
0.215 1.2504853126714102
0.22 1.2748479794973793
0.225 1.2988960966603673
0.23 1.3226237306473037
0.235 1.3460250270195466
0.24 1.3690942118573772
0.245 1.3918255931846286
0.25 1.414213562373095
0.255 1.4362525955263776
0.26 1.457937254842823
0.265 1.4792621899572194
0.27 1.5002221392609192
0.275 1.520811931200062
0.28 1.5410264855515785
0.285 1.5608608146766594
0.29 1.5803100247513806
0.295 1.599369316974181
0.3 1.618033988749895
0.305 1.6362994348500468
0.31 1.6541611485491237
0.315 1.6716147227365403
0.32 1.6886558510040302
0.325 1.7052803287081844
0.33 1.7214840540078873
0.335 1.7372630288763826
0.34 1.7526133600877274
0.345 1.7675312601773867
0.35 1.7820130483767356
0.355 1.796055151521231
0.36 1.8096541049320392
0.365 1.8228065532708904
0.37 1.8355092513679623
0.375 1.8477590650225735
0.38 1.8595529717765027
0.385 1.8708880616597345
0.39 1.881761537908451
0.395 1.8921707176550906
0.4 1.902113032590307
0.405 1.9115860295966602
0.41 1.920587371353886
0.415 1.9291148369155962
0.42 1.9371663222572622
0.425 1.9447398407953531
0.43 1.9518335238774946
0.435 1.9584456212435315
0.44 1.9645745014573772
0.445 1.9702186523095477
0.45 1.9753766811902755
0.455 1.980047315433115
0.46 1.9842294026289558
0.465 1.9879219109103594
0.47 1.99112392920616
0.475 1.993834667466256
0.48 1.9960534568565431
0.485 1.99777974992394
0.49 1.9990131207314632
0.495 1.9997532649633212
0.5 2.0
0.505 1.9997532649633212
0.51 1.9990131207314632
0.515 1.99777974992394
0.52 1.9960534568565431
0.525 1.993834667466256
0.53 1.99112392920616
0.535 1.9879219109103594
0.54 1.9842294026289555
0.545 1.980047315433115
0.55 1.9753766811902753
0.555 1.9702186523095477
0.56 1.9645745014573772
0.565 1.9584456212435317
0.57 1.9518335238774949
0.575 1.9447398407953533
0.58 1.9371663222572624
0.585 1.9291148369155964
0.59 1.9205873713538861
0.595 1.9115860295966605
0.6 1.9021130325903073
0.605 1.8921707176550908
0.61 1.881761537908451
0.615 1.8708880616597348
0.62 1.859552971776503
0.625 1.8477590650225735
0.63 1.8355092513679625
0.635 1.8228065532708906
0.64 1.809654104932039
0.645 1.7960551515212313
0.65 1.7820130483767358
0.655 1.767531260177387
0.66 1.752613360087727
0.665 1.7372630288763824
0.67 1.7214840540078873
0.675 1.7052803287081846
0.68 1.68865585100403
0.685 1.6716147227365403
0.69 1.654161148549124
0.695 1.6362994348500475
0.7 1.618033988749895
0.705 1.5993693169741812
0.71 1.580310024751381
0.715 1.5608608146766598
0.72 1.5410264855515785
0.725 1.520811931200062
0.73 1.5002221392609192
0.735 1.4792621899572196
0.74 1.4579372548428229
0.745 1.4362525955263776
0.75 1.4142135623730951
0.755 1.3918255931846288
0.76 1.3690942118573777
0.765 1.3460250270195466
0.77 1.3226237306473037
0.775 1.2988960966603675
0.78 1.2748479794973797
0.785 1.2504853126714102
0.79 1.2258141073059527
0.795 1.200840450651768
0.8 1.1755705045849465
0.805 1.1500105040865567
0.81 1.124166755704261
0.815 1.098045635996264
0.82 1.071653589957994
0.825 1.0449971294318978
0.83 1.0180828315007429
0.835 0.9909173368648155
0.84 0.9635073482034312
0.845 0.9358596285211468
0.85 0.9079809994790937
0.855 0.8798783397118306
0.86 0.8515585831301458
0.865 0.8230287172102174
0.87 0.7942957812695612
0.875 0.7653668647301798
0.88 0.7362491053693563
0.885 0.7069496875585147
0.89 0.6774758404905826
0.895 0.6478348363962989
0.9 0.618033988749895
0.905 0.5880806504646083
0.91 0.5579822120784582
0.915 0.5277460999307456
0.92 0.49737977432970965
0.925 0.46689072771181106
0.93 0.43628648279308463
0.935 0.40557459071302465
0.94 0.37476262917145003
0.945 0.34385820055882005
0.95 0.31286893008046196
0.955 0.2818024638751657
0.96 0.25066646712860907
0.965 0.2194686221820913
0.97 0.1882166266370287
0.975 0.15691819145569014
0.98 0.12558103905862716
0.985 0.09421290141928591
0.99 0.06282151815625647
0.995 0.03141463462364142
1.0 2.4492935982947064E-16
1.005 -0.03141463462364004
1.01 -0.06282151815625599
1.015 -0.09421290141928454
1.02 -0.1255810390586267
1.025 -0.15691819145568875
1.03 -0.1882166266370282
1.035 -0.21946862218208993
1.04 -0.25066646712860857
1.045 -0.2818024638751644
1.05 -0.31286893008046146
1.055 -0.34385820055881866
1.06 -0.37476262917144954
1.065 -0.4055745907130242
1.07 -0.436286482793085
1.075 -0.46689072771181056
1.08 -0.49737977432971003
1.085 -0.5277460999307452
1.09 -0.5579822120784586
1.095 -0.5880806504646078
1.1 -0.6180339887498955
1.105 -0.6478348363962984
1.11 -0.677475840490583
1.115 -0.7069496875585143
1.12 -0.7362491053693566
1.125 -0.7653668647301793
1.13 -0.79429578126956
1.135 -0.823028717210217
1.14 -0.8515585831301445
1.145 -0.8798783397118302
1.15 -0.9079809994790925
1.155 -0.9358596285211463
1.16 -0.96350734820343
1.165 -0.9909173368648152
1.17 -1.0180828315007417
1.175 -1.0449971294318974
1.18 -1.0716535899579929
1.185 -1.0980456359962636
1.19 -1.1241667557042605
1.195 -1.150010504086557
1.2 -1.175570504584946
1.205 -1.2008404506517685
1.21 -1.2258141073059525
1.215 -1.2504853126714104
1.22 -1.2748479794973793
1.225 -1.2988960966603678
1.23 -1.3226237306473034
1.235 -1.3460250270195468
1.24 -1.3690942118573775
1.245 -1.3918255931846293
1.25 -1.414213562373095
1.255 -1.4362525955263767
1.26 -1.4579372548428227
1.265 -1.479262189957219
1.27 -1.500222139260919
1.275 -1.5208119312000612
1.28 -1.5410264855515787
1.285 -1.5608608146766585
1.29 -1.5803100247513808
1.295 -1.599369316974181
1.3 -1.6180339887498947
1.305 -1.6362994348500466
1.31 -1.6541611485491232
1.315 -1.67161472273654
1.32 -1.6886558510040306
1.325 -1.7052803287081837
1.33 -1.7214840540078875
1.335 -1.7372630288763826
1.34 -1.7526133600877272
1.345 -1.7675312601773867
1.35 -1.7820130483767356
1.355 -1.796055151521231
1.36 -1.8096541049320396
1.365 -1.8228065532708901
1.37 -1.8355092513679625
1.375 -1.847759065022573
1.38 -1.8595529717765023
1.385 -1.8708880616597348
1.39 -1.8817615379084502
1.395 -1.8921707176550906
1.4 -1.902113032590307
1.405 -1.91158602959666
1.41 -1.920587371353886
1.415 -1.929114836915596
1.42 -1.937166322257262
1.425 -1.9447398407953533
1.43 -1.9518335238774944
1.435 -1.9584456212435315
1.44 -1.9645745014573774
1.445 -1.9702186523095477
1.45 -1.9753766811902753
1.455 -1.980047315433115
1.46 -1.9842294026289555
1.465 -1.9879219109103594
1.47 -1.99112392920616
1.475 -1.993834667466256
1.48 -1.9960534568565431
1.485 -1.99777974992394
1.49 -1.9990131207314632
1.495 -1.9997532649633212
1.5 -2.0
1.505 -1.9997532649633212
1.51 -1.9990131207314632
1.515 -1.99777974992394
1.52 -1.9960534568565431
1.525 -1.9938346674662561
1.53 -1.99112392920616
1.535 -1.9879219109103596
1.54 -1.9842294026289558
1.545 -1.980047315433115
1.55 -1.9753766811902755
1.555 -1.970218652309548
1.56 -1.9645745014573774
1.565 -1.9584456212435317
1.57 -1.9518335238774946
1.575 -1.9447398407953536
1.58 -1.9371663222572622
1.585 -1.9291148369155962
1.59 -1.9205873713538861
1.595 -1.9115860295966602
1.6 -1.9021130325903073
1.605 -1.8921707176550908
1.61 -1.8817615379084507
1.615 -1.870888061659735
1.62 -1.8595529717765025
1.625 -1.8477590650225733
1.63 -1.835509251367963
1.635 -1.8228065532708904
1.64 -1.8096541049320398
1.645 -1.7960551515212313
1.65 -1.782013048376736
1.655 -1.7675312601773872
1.66 -1.7526133600877276
1.665 -1.737263028876383
1.67 -1.7214840540078877
1.675 -1.7052803287081841
1.68 -1.688655851004031
1.685 -1.6716147227365403
1.69 -1.6541611485491237
1.695 -1.636299434850047
1.7 -1.6180339887498951
1.705 -1.5993693169741814
1.71 -1.5803100247513813
1.715 -1.560860814676659
1.72 -1.5410264855515792
1.725 -1.5208119312000616
1.73 -1.500222139260919
1.735 -1.4792621899572194
1.74 -1.457937254842823
1.745 -1.4362525955263779
1.75 -1.4142135623730954
1.755 -1.391825593184629
1.76 -1.369094211857378
1.765 -1.3460250270195475
1.77 -1.3226237306473045
1.775 -1.2988960966603682
1.78 -1.2748479794973793
1.785 -1.2504853126714117
1.79 -1.225814107305953
1.795 -1.2008404506517683
1.8 -1.1755705045849467
1.805 -1.1500105040865576
1.81 -1.1241667557042618
1.815 -1.0980456359962643
1.82 -1.0716535899579926
1.825 -1.044997129431899
1.83 -1.0180828315007424
1.835 -0.990917336864815
1.84 -0.9635073482034306
1.845 -0.935859628521147
1.85 -0.9079809994790939
1.855 -0.8798783397118308
1.86 -0.8515585831301444
1.865 -0.8230287172102184
1.87 -0.7942957812695607
1.875 -0.7653668647301808
1.88 -0.7362491053693574
1.885 -0.7069496875585142
1.89 -0.6774758404905845
1.895 -0.6478348363962991
1.9 -0.6180339887498952
1.905 -0.5880806504646086
1.91 -0.5579822120784593
1.915 -0.5277460999307467
1.92 -0.4973797743297107
1.925 -0.4668907277118104
1.93 -0.4362864827930866
1.935 -0.40557459071302493
1.94 -0.37476262917144937
1.945 -0.3438582005588194
1.95 -0.31286893008046224
1.955 -0.281802463875166
1.96 -0.2506664671286093
1.965 -0.2194686221820898
1.97 -0.18821662663702982
1.975 -0.1569181914556895
1.98 -0.12558103905862653
1.985 -0.09421290141928527
1.99 -0.06282151815625672
1.995 -0.03141463462364166
2.0 -4.898587196589413E-16
2.005 0.031414634623640685
2.01 0.06282151815625396
2.015 0.09421290141928607
2.02 0.12558103905862555
2.025 0.1569181914556885
2.03 0.18821662663702707
2.035 0.21946862218209057
2.04 0.25066646712860835
2.045 0.281802463875165
2.05 0.31286893008045946
2.055 0.34385820055882016
2.06 0.3747626291714484
2.065 0.40557459071302393
2.07 0.4362864827930839
2.075 0.46689072771181117
2.08 0.49737977432970976
2.085 0.5277460999307458
2.09 0.5579822120784567
2.095 0.5880806504646093
2.1 0.6180339887498943
2.105 0.6478348363962981
2.11 0.677475840490582
2.115 0.706949687558515
2.12 0.7362491053693564
2.125 0.7653668647301799
2.13 0.7942957812695598
2.135 0.823028717210216
2.14 0.8515585831301451
2.145 0.8798783397118299
2.15 0.9079809994790932
2.155 0.9358596285211446
2.16 0.9635073482034313
2.165 0.9909173368648142
2.17 1.0180828315007415
2.175 1.0449971294318965
2.18 1.0716535899579933
2.185 1.0980456359962636
2.19 1.1241667557042612
2.195 1.1500105040865554
2.2 1.1755705045849472
2.205 1.2008404506517676
2.21 1.2258141073059523
2.215 1.2504853126714095
2.22 1.27484797949738
2.225 1.2988960966603675
2.23 1.3226237306473039
2.235 1.3460250270195453
2.24 1.3690942118573786
2.245 1.3918255931846284
2.25 1.4142135623730947
2.255 1.4362525955263772
2.26 1.457937254842821
2.265 1.4792621899572198
2.27 1.5002221392609183
2.275 1.520811931200061
2.28 1.5410264855515774
2.285 1.5608608146766594
2.29 1.5803100247513806
2.295 1.599369316974181
2.3 1.6180339887498936
2.305 1.6362994348500475
2.31 1.6541611485491232
2.315 1.6716147227365399
2.32 1.6886558510040295
2.325 1.7052803287081846
2.33 1.7214840540078873
2.335 1.7372630288763824
2.34 1.7526133600877263
2.345 1.7675312601773876
2.35 1.7820130483767356
2.355 1.7960551515212309
2.36 1.8096541049320387
2.365 1.8228065532708908
2.37 1.8355092513679625
2.375 1.847759065022573
2.38 1.8595529717765023
2.385 1.870888061659734
2.39 1.881761537908451
2.395 1.8921707176550906
2.4 1.902113032590307
2.405 1.9115860295966596
2.41 1.9205873713538864
2.415 1.929114836915596
2.42 1.937166322257262
2.425 1.944739840795353
2.43 1.9518335238774949
2.435 1.9584456212435315
2.44 1.9645745014573772
2.445 1.9702186523095475
2.45 1.9753766811902755
2.455 1.980047315433115
2.46 1.9842294026289555
2.465 1.9879219109103592
2.47 1.99112392920616
2.475 1.993834667466256
2.48 1.9960534568565431
2.485 1.9977797499239398
2.49 1.9990131207314632
2.495 1.9997532649633212
2.5 2.0
2.505 1.9997532649633212
2.51 1.9990131207314632
2.515 1.9977797499239398
2.52 1.9960534568565431
2.525 1.9938346674662561
2.53 1.9911239292061602
2.535 1.9879219109103594
2.54 1.9842294026289558
2.545 1.9800473154331153
2.55 1.9753766811902758
2.555 1.970218652309548
2.56 1.9645745014573772
2.565 1.9584456212435317
2.57 1.9518335238774955
2.575 1.9447398407953527
2.58 1.9371663222572622
2.585 1.9291148369155966
2.59 1.9205873713538861
2.595 1.9115860295966598
2.6 1.9021130325903073
2.605 1.8921707176550904
2.61 1.8817615379084514
2.615 1.8708880616597345
2.62 1.8595529717765034
2.625 1.8477590650225735
2.63 1.835509251367963
2.635 1.822806553270892
2.64 1.8096541049320385
2.645 1.7960551515212315
2.65 1.782013048376737
2.655 1.7675312601773872
2.66 1.7526133600877267
2.665 1.737263028876383
2.67 1.721484054007887
2.675 1.7052803287081852
2.68 1.6886558510040302
2.685 1.6716147227365417
2.69 1.6541611485491239
2.695 1.6362994348500481
2.7 1.6180339887498951
2.705 1.5993693169741805
2.71 1.5803100247513813
2.715 1.5608608146766614
2.72 1.5410264855515772
2.725 1.5208119312000616
2.73 1.5002221392609203
2.735 1.4792621899572194
2.74 1.457937254842822
2.745 1.436252595526378
2.75 1.4142135623730967
2.755 1.3918255931846293
2.76 1.3690942118573795
2.765 1.3460250270195475
2.77 1.3226237306473034
2.775 1.2988960966603684
2.78 1.2748479794973822
2.785 1.250485312671409
2.79 1.2258141073059532
2.795 1.20084045065177
2.8 1.1755705045849467
2.805 1.1500105040865565
2.81 1.124166755704262
2.815 1.098045635996263
2.82 1.0716535899579944
2.825 1.0449971294318976
2.83 1.0180828315007442
2.835 0.9909173368648152
2.84 0.9635073482034324
2.845 0.9358596285211472
2.85 0.9079809994790926
2.855 0.879878339711831
2.86 0.8515585831301479
2.865 0.8230287172102154
2.87 0.7942957812695609
2.875 0.765366864730181
2.88 0.736249105369356
2.885 0.7069496875585161
2.89 0.6774758404905831
2.895 0.647834836396301
2.9 0.6180339887498956
2.905 0.5880806504646104
2.91 0.5579822120784595
2.915 0.5277460999307453
2.92 0.497379774329711
2.925 0.4668907277118141
2.93 0.43628648279308335
2.935 0.40557459071302515
2.94 0.37476262917145137
2.945 0.3438582005588196
2.95 0.3128689300804607
2.955 0.2818024638751662
2.96 0.2506664671286078
2.965 0.2194686221820918
2.97 0.1882166266370283
2.975 0.1569181914556915
2.98 0.12558103905862678
2.985 0.0942129014192873
2.99 0.06282151815625696
2.995 0.03141463462364013
3.0 7.347880794884119E-16
3.005 -0.03141463462363866
3.01 -0.0628215181562555
3.015 -0.09421290141928583
3.02 -0.1255810390586253
3.025 -0.15691819145569003
3.03 -0.18821662663702685
3.035 -0.21946862218209032
3.04 -0.25066646712860635
3.045 -0.2818024638751648
3.05 -0.31286893008045924
3.055 -0.34385820055881816
3.06 -0.3747626291714499
3.065 -0.4055745907130237
3.07 -0.43628648279308196
3.075 -0.46689072771181267
3.08 -0.49737977432970953
3.085 -0.5277460999307438
3.09 -0.5579822120784581
3.095 -0.588080650464609
3.1 -0.6180339887498941
3.105 -0.6478348363962996
3.11 -0.6774758404905817
3.115 -0.7069496875585147
3.12 -0.7362491053693545
3.125 -0.7653668647301797
3.13 -0.7942957812695596
3.135 -0.8230287172102141
3.14 -0.8515585831301465
3.145 -0.8798783397118297
3.15 -0.9079809994790913
3.155 -0.9358596285211459
3.16 -0.9635073482034311
3.165 -0.990917336864814
3.17 -1.0180828315007429
3.175 -1.0449971294318963
3.18 -1.071653589957993
3.185 -1.0980456359962618
3.19 -1.124166755704261
3.195 -1.1500105040865551
3.2 -1.1755705045849456
3.205 -1.2008404506517687
3.21 -1.225814107305952
3.215 -1.250485312671408
3.22 -1.274847979497381
3.225 -1.2988960966603673
3.23 -1.3226237306473023
3.235 -1.3460250270195464
3.24 -1.3690942118573783
3.245 -1.3918255931846282
3.25 -1.4142135623730958
3.255 -1.436252595526377
3.26 -1.457937254842821
3.265 -1.4792621899572185
3.27 -1.5002221392609192
3.275 -1.5208119312000608
3.28 -1.541026485551576
3.285 -1.5608608146766605
3.29 -1.5803100247513804
3.295 -1.5993693169741796
3.3 -1.6180339887498945
3.305 -1.6362994348500473
3.31 -1.654161148549123
3.315 -1.6716147227365408
3.32 -1.6886558510040293
3.325 -1.7052803287081846
3.33 -1.7214840540078864
3.335 -1.7372630288763824
3.34 -1.752613360087726
3.345 -1.7675312601773865
3.35 -1.7820130483767362
3.355 -1.7960551515212309
3.36 -1.8096541049320378
3.365 -1.8228065532708915
3.37 -1.8355092513679623
3.375 -1.8477590650225728
3.38 -1.8595529717765027
3.385 -1.8708880616597339
3.39 -1.8817615379084507
3.395 -1.89217071765509
3.4 -1.9021130325903068
3.405 -1.9115860295966594
3.41 -1.920587371353886
3.415 -1.9291148369155964
3.42 -1.937166322257262
3.425 -1.9447398407953524
3.43 -1.951833523877495
3.435 -1.9584456212435315
3.44 -1.964574501457377
3.445 -1.9702186523095477
3.45 -1.9753766811902755
3.455 -1.980047315433115
3.46 -1.9842294026289558
3.465 -1.9879219109103592
3.47 -1.99112392920616
3.475 -1.9938346674662557
3.48 -1.9960534568565431
3.485 -1.9977797499239398
3.49 -1.9990131207314632
3.495 -1.9997532649633212
3.5 -2.0
3.505 -1.9997532649633212
3.51 -1.9990131207314632
3.515 -1.99777974992394
3.52 -1.9960534568565431
3.525 -1.993834667466256
3.53 -1.9911239292061602
3.535 -1.9879219109103594
3.54 -1.984229402628956
3.545 -1.9800473154331153
3.55 -1.9753766811902758
3.555 -1.970218652309548
3.56 -1.9645745014573772
3.565 -1.958445621243532
3.57 -1.9518335238774955
3.575 -1.944739840795353
3.58 -1.9371663222572624
3.585 -1.9291148369155968
3.59 -1.9205873713538864
3.595 -1.91158602959666
3.6 -1.9021130325903075
3.605 -1.8921707176550904
3.61 -1.8817615379084514
3.615 -1.8708880616597345
3.62 -1.8595529717765034
3.625 -1.8477590650225735
3.63 -1.835509251367963
3.635 -1.8228065532708921
3.64 -1.8096541049320385
3.645 -1.7960551515212315
3.65 -1.782013048376737
3.655 -1.7675312601773874
3.66 -1.752613360087727
3.665 -1.7372630288763833
3.67 -1.7214840540078873
3.675 -1.7052803287081855
3.68 -1.6886558510040304
3.685 -1.6716147227365417
3.69 -1.6541611485491239
3.695 -1.6362994348500484
3.7 -1.6180339887498953
3.705 -1.5993693169741807
3.71 -1.5803100247513815
3.715 -1.5608608146766616
3.72 -1.5410264855515772
3.725 -1.5208119312000619
3.73 -1.5002221392609203
3.735 -1.4792621899572196
3.74 -1.4579372548428222
3.745 -1.436252595526378
3.75 -1.414213562373097
3.755 -1.3918255931846295
3.76 -1.3690942118573797
3.765 -1.3460250270195477
3.77 -1.3226237306473037
3.775 -1.2988960966603686
3.78 -1.2748479794973824
3.785 -1.2504853126714093
3.79 -1.2258141073059534
3.795 -1.20084045065177
3.8 -1.175570504584947
3.805 -1.1500105040865565
3.81 -1.1241667557042623
3.815 -1.0980456359962631
3.82 -1.0716535899579946
3.825 -1.0449971294318978
3.83 -1.0180828315007444
3.835 -0.9909173368648154
3.84 -0.9635073482034326
3.845 -0.9358596285211475
3.85 -0.9079809994790928
3.855 -0.8798783397118313
3.86 -0.8515585831301481
3.865 -0.8230287172102156
3.87 -0.7942957812695611
3.875 -0.7653668647301812
3.88 -0.7362491053693562
3.885 -0.7069496875585163
3.89 -0.6774758404905833
3.895 -0.6478348363963012
3.9 -0.6180339887498958
3.905 -0.5880806504646107
3.91 -0.5579822120784598
3.915 -0.5277460999307455
3.92 -0.4973797743297112
3.925 -0.46689072771181434
3.93 -0.43628648279308363
3.935 -0.4055745907130254
3.94 -0.3747626291714516
3.945 -0.3438582005588199
3.95 -0.31286893008046096
3.955 -0.28180246387516644
3.96 -0.250666467128608
3.965 -0.21946862218209204
3.97 -0.18821662663702854
3.975 -0.15691819145569175
3.98 -0.12558103905862703
3.985 -0.09421290141928754
3.99 -0.06282151815625721
3.995 -0.03141463462364038
4.0 -9.797174393178826E-16
