sin
5.0
0.0
10.0
5.0
0.2
0.0
0.0
0
0
0
100.0
0.0
0.0 0.0
0.01 0.06283019941676304
0.02 0.1256504772166874
0.03 0.1884509133496727
0.04 0.25122159089884777
0.05 0.31395259764656686
0.06 0.3766340276396636
0.07 0.4392559827537159
0.08 0.5018085742560745
0.09 0.5642819243674084
0.1 0.6266661678215213
0.11 0.6889514534231904
0.12 0.7511279456037854
0.13 0.8131858259744179
0.14 0.8751152948763803
0.15 0.936906572928623
0.16 0.9985499025720351
0.17 1.0600355496102731
0.18 1.1213538047469058
0.19 1.1824949851186233
0.2 1.243449435824274
0.21 1.3042075314494848
0.22 1.3647596775866262
0.23 1.4250963123498805
0.24 1.4852079078851745
0.25 1.545084971874737
0.26 1.6047180490360473
0.27 1.6640977226149334
0.28 1.7232146158725854
0.29 1.7820593935662534
0.3 1.8406227634233896
0.31 1.8988954776090052
0.32 1.9568683341860122
0.33 2.014532178568313
0.34 2.0718779049664207
0.35 2.128896457825363
0.36 2.1855788332546644
0.37 2.241916080450161
0.38 2.297899303107439
0.39 2.3535196608266626
0.4 2.4087683705085765
0.41 2.4636367077414576
0.42 2.518116008178804
0.43 2.572197668907532
0.44 2.6258731498064787
0.45 2.679133974894983
0.46 2.7319717336713456
0.47 2.7843780824409397
0.48 2.8363447456337827
0.49 2.887863517111338
0.5 2.938926261462366
0.51 2.989524915287594
0.52 3.039651488473027
0.53 3.0892980654516715
0.54 3.138456806453503
0.55 3.1871199487434487
0.56 3.235279807847222
0.57 3.282928778764782
0.58 3.330059337171258
0.59 3.376664040605122
0.6 3.422735529643443
0.61 3.4682665290640244
0.62 3.513249848994246
0.63 3.557678386046427
0.64 3.601545124439535
0.65 3.644843137107058
0.66 3.6875655867908694
0.67 3.7297057271209106
0.68 3.771256903680519
0.69 3.812212555057239
0.7 3.8525662138789456
0.71 3.8923115078351165
0.72 3.9314421606830945
0.73 3.9699519932391762
0.74 4.007834924354382
0.75 4.045084971874737
0.76 4.081696253585919
0.77 4.117662988142137
0.78 4.1529794959790625
0.79 4.1876402002107085
0.8 4.221639627510076
0.81 4.254972408973459
0.82 4.287633280968261
0.83 4.319617085964176
0.84 4.350918773347629
0.85 4.381533400219318
0.86 4.4114561321747665
0.87 4.440682244067722
0.88 4.469207120756319
0.89 4.4970262578318545
0.9 4.524135262330098
0.91 4.550529853424978
0.92 4.576205863104588
0.93 4.601159236829352
0.94 4.6253860341722906
0.95 4.648882429441256
0.96 4.67164471228306
0.97 4.69366928826937
0.98 4.714952679464322
0.99 4.735491524973721
1.0 4.755282581475767
1.01 4.774322723733214
1.02 4.792608945086879
1.03 4.8101383579304295
1.04 4.82690819416637
1.05 4.842915805643155
1.06 4.85815866457337
1.07 4.872634363932885
1.08 4.886340617840967
1.09 4.899275261921234
1.1 4.911436253643443
1.11 4.922821672646027
1.12 4.9334297210393405
1.13 4.94325872368957
1.14 4.952307128483256
1.15 4.960573506572389
1.16 4.968056552600042
1.17 4.9747550849065005
1.18 4.980668045715863
1.19 4.98579450130307
1.2 4.990133642141358
1.21 4.993684783030087
1.22 4.996447363202946
1.23 4.9984209464165
1.24 4.99960522101908
1.25 5.0
1.26 4.99960522101908
1.27 4.9984209464165
1.28 4.996447363202946
1.29 4.993684783030087
1.3 4.990133642141358
1.31 4.98579450130307
1.32 4.980668045715863
1.33 4.9747550849065005
1.34 4.968056552600042
1.35 4.960573506572389
1.36 4.952307128483256
1.37 4.94325872368957
1.38 4.9334297210393405
1.39 4.922821672646027
1.4 4.911436253643443
1.41 4.899275261921234
1.42 4.886340617840967
1.43 4.872634363932886
1.44 4.85815866457337
1.45 4.842915805643156
1.46 4.82690819416637
1.47 4.8101383579304295
1.48 4.792608945086879
1.49 4.774322723733215
1.5 4.755282581475768
1.51 4.735491524973721
1.52 4.714952679464322
1.53 4.69366928826937
1.54 4.671644712283061
1.55 4.648882429441257
1.56 4.6253860341722906
1.57 4.601159236829352
1.58 4.576205863104588
1.59 4.550529853424978
1.6 4.524135262330097
1.61 4.4970262578318545
1.62 4.4692071207563195
1.63 4.440682244067723
1.64 4.411456132174767
1.65 4.381533400219318
1.66 4.350918773347629
1.67 4.319617085964177
1.68 4.287633280968261
1.69 4.25497240897346
1.7 4.221639627510076
1.71 4.1876402002107085
1.72 4.152979495979063
1.73 4.117662988142138
1.74 4.08169625358592
1.75 4.045084971874737
1.76 4.007834924354382
1.77 3.9699519932391762
1.78 3.931442160683095
1.79 3.8923115078351174
1.8 3.852566213878946
1.81 3.812212555057239
1.82 3.77125690368052
1.83 3.729705727120911
1.84 3.6875655867908694
1.85 3.644843137107057
1.86 3.6015451244395336
1.87 3.5576783860464274
1.88 3.513249848994246
1.89 3.468266529064026
1.9 3.422735529643444
1.91 3.3766640406051227
1.92 3.3300593371712583
1.93 3.282928778764782
1.94 3.2352798078472227
1.95 3.187119948743449
1.96 3.138456806453503
1.97 3.0892980654516715
1.98 3.039651488473028
1.99 2.9895249152875953
2.0 2.9389262614623664
2.01 2.88786351711134
2.02 2.836344745633782
2.03 2.784378082440941
2.04 2.731971733671346
2.05 2.679133974894985
2.06 2.625873149806478
2.07 2.572197668907533
2.08 2.5181160081788043
2.09 2.4636367077414603
2.1 2.408768370508576
2.11 2.353519660826664
2.12 2.2978993031074397
2.13 2.2419160804501614
2.14 2.1855788332546644
2.15 2.1288964578253644
2.16 2.0718779049664193
2.17 2.014532178568314
2.18 1.9568683341860118
2.19 1.898895477609007
2.2 1.8406227634233887
2.21 1.782059393566254
2.22 1.7232146158725854
2.23 1.6640977226149347
2.24 1.6047180490360464
2.25 1.5450849718747375
2.26 1.4852079078851768
2.27 1.4250963123498803
2.28 1.364759677586627
2.29 1.3042075314494852
2.3 1.2434494358242763
2.31 1.182494985118623
2.32 1.1213538047469072
2.33 1.060035549610274
2.34 0.9985499025720375
2.35 0.9369065729286229
2.36 0.8751152948763816
2.37 0.8131858259744189
2.38 0.7511279456037856
2.39 0.6889514534231901
2.4 0.6266661678215226
2.41 0.5642819243674071
2.42 0.501808574256075
2.43 0.43925598275371575
2.44 0.3766340276396652
2.45 0.3139525976465657
2.46 0.2512215908988483
2.47 0.18845091334967268
2.48 0.12565047721668907
2.49 0.06283019941676196
2.5 6.123233995736766E-16
2.51 -0.06283019941676074
2.52 -0.12565047721668784
2.53 -0.18845091334967146
2.54 -0.2512215908988471
2.55 -0.3139525976465645
2.56 -0.37663402763966397
2.57 -0.4392559827537146
2.58 -0.5018085742560736
2.59 -0.564281924367406
2.6 -0.6266661678215214
2.61 -0.6889514534231889
2.62 -0.7511279456037844
2.63 -0.8131858259744176
2.64 -0.8751152948763805
2.65 -0.9369065729286217
2.66 -0.9985499025720362
2.67 -1.0600355496102727
2.68 -1.121353804746906
2.69 -1.182494985118622
2.7 -1.2434494358242751
2.71 -1.304207531449484
2.72 -1.3647596775866262
2.73 -1.4250963123498788
2.74 -1.4852079078851754
2.75 -1.5450849718747364
2.76 -1.604718049036045
2.77 -1.6640977226149336
2.78 -1.723214615872584
2.79 -1.782059393566253
2.8 -1.8406227634233874
2.81 -1.898895477609006
2.82 -1.9568683341860107
2.83 -2.014532178568312
2.84 -2.071877904966418
2.85 -2.1288964578253635
2.86 -2.185578833254663
2.87 -2.24191608045016
2.88 -2.297899303107439
2.89 -2.353519660826663
2.9 -2.408768370508575
2.91 -2.463636707741459
2.92 -2.518116008178804
2.93 -2.572197668907532
2.94 -2.625873149806477
2.95 -2.6791339748949836
2.96 -2.731971733671345
2.97 -2.7843780824409397
2.98 -2.836344745633781
2.99 -2.887863517111339
3.0 -2.938926261462365
3.01 -2.9895249152875927
3.02 -3.0396514884730275
3.03 -3.0892980654516706
3.04 -3.138456806453502
3.05 -3.1871199487434465
3.06 -3.235279807847222
3.07 -3.2829287787647807
3.08 -3.3300593371712575
3.09 -3.37666404060512
3.1 -3.4227355296434436
3.11 -3.4682665290640236
3.12 -3.5132498489942456
3.13 -3.557678386046427
3.14 -3.601545124439535
3.15 -3.6448431371070567
3.16 -3.6875655867908703
3.17 -3.7297057271209106
3.18 -3.771256903680519
3.19 -3.8122125550572394
3.2 -3.852566213878947
3.21 -3.8923115078351156
3.22 -3.931442160683096
3.23 -3.969951993239176
3.24 -4.007834924354382
3.25 -4.045084971874736
3.26 -4.081696253585919
3.27 -4.117662988142137
3.28 -4.152979495979061
3.29 -4.187640200210709
3.3 -4.221639627510074
3.31 -4.254972408973458
3.32 -4.287633280968261
3.33 -4.319617085964175
3.34 -4.350918773347628
3.35 -4.381533400219318
3.36 -4.4114561321747665
3.37 -4.440682244067723
3.38 -4.469207120756318
3.39 -4.4970262578318545
3.4 -4.5241352623300966
3.41 -4.550529853424978
3.42 -4.576205863104588
3.43 -4.601159236829352
3.44 -4.6253860341722906
3.45 -4.648882429441257
3.46 -4.671644712283059
3.47 -4.693669288269371
3.48 -4.7149526794643215
3.49 -4.735491524973721
3.5 -4.755282581475767
3.51 -4.774322723733214
3.52 -4.792608945086879
3.53 -4.810138357930429
3.54 -4.82690819416637
3.55 -4.8429158056431545
3.56 -4.858158664573369
3.57 -4.872634363932885
3.58 -4.8863406178409665
3.59 -4.899275261921234
3.6 -4.911436253643443
3.61 -4.922821672646027
3.62 -4.9334297210393405
3.63 -4.94325872368957
3.64 -4.952307128483256
3.65 -4.960573506572389
3.66 -4.968056552600042
3.67 -4.9747550849065005
3.68 -4.980668045715863
3.69 -4.98579450130307
3.7 -4.990133642141358
3.71 -4.993684783030087
3.72 -4.996447363202947
3.73 -4.9984209464165
3.74 -4.99960522101908
3.75 -5.0
3.76 -4.99960522101908
3.77 -4.9984209464165
3.78 -4.996447363202947
3.79 -4.993684783030087
3.8 -4.990133642141358
3.81 -4.98579450130307
3.82 -4.980668045715863
3.83 -4.9747550849065005
3.84 -4.968056552600042
3.85 -4.9605735065723895
3.86 -4.952307128483256
3.87 -4.94325872368957
3.88 -4.9334297210393405
3.89 -4.922821672646027
3.9 -4.911436253643443
3.91 -4.899275261921234
3.92 -4.886340617840967
3.93 -4.872634363932885
3.94 -4.85815866457337
3.95 -4.842915805643155
3.96 -4.8269081941663705
3.97 -4.810138357930429
3.98 -4.79260894508688
3.99 -4.774322723733215
4.0 -4.755282581475768
4.01 -4.735491524973722
4.02 -4.714952679464323
4.03 -4.69366928826937
4.04 -4.67164471228306
4.05 -4.648882429441258
4.06 -4.625386034172291
4.07 -4.601159236829351
4.08 -4.5762058631045885
4.09 -4.550529853424979
4.1 -4.524135262330099
4.11 -4.4970262578318545
4.12 -4.469207120756319
4.13 -4.440682244067724
4.14 -4.411456132174767
4.15 -4.3815334002193165
4.16 -4.350918773347629
4.17 -4.319617085964177
4.18 -4.287633280968263
4.19 -4.254972408973459
4.2 -4.221639627510075
4.21 -4.18764020021071
4.22 -4.152979495979064
4.23 -4.117662988142135
4.24 -4.081696253585921
4.25 -4.045084971874738
4.26 -4.007834924354383
4.27 -3.969951993239179
4.28 -3.931442160683094
4.29 -3.892311507835116
4.3 -3.852566213878948
4.31 -3.8122125550572408
4.32 -3.7712569036805177
4.33 -3.7297057271209115
4.34 -3.6875655867908703
4.35 -3.6448431371070606
4.36 -3.601545124439534
4.37 -3.557678386046426
4.38 -3.5132498489942483
4.39 -3.468266529064027
4.4 -3.4227355296434414
4.41 -3.3766640406051236
4.42 -3.330059337171259
4.43 -3.282928778764786
4.44 -3.235279807847222
4.45 -3.1871199487434483
4.46 -3.138456806453505
4.47 -3.0892980654516737
4.48 -3.0396514884730252
4.49 -2.989524915287596
4.5 -2.938926261462367
4.51 -2.887863517111339
4.52 -2.836344745633786
4.53 -2.7843780824409397
4.54 -2.7319717336713447
4.55 -2.6791339748949854
4.56 -2.625873149806481
4.57 -2.57219766890753
4.58 -2.518116008178805
4.59 -2.4636367077414585
4.6 -2.4087683705085805
4.61 -2.3535196608266626
4.62 -2.2978993031074384
4.63 -2.241916080450164
4.64 -2.185578833254667
4.65 -2.128896457825361
4.66 -2.071877904966422
4.67 -2.0145321785683143
4.68 -1.9568683341860167
4.69 -1.8988954776090057
4.7 -1.8406227634233894
4.71 -1.7820593935662565
4.72 -1.7232146158725878
4.73 -1.6640977226149312
4.74 -1.604718049036049
4.75 -1.5450849718747381
4.76 -1.4852079078851752
4.77 -1.425096312349885
4.78 -1.3647596775866258
4.79 -1.3042075314494839
4.8 -1.2434494358242767
4.81 -1.1824949851186257
4.82 -1.1213538047469034
4.83 -1.0600355496102745
4.84 -0.9985499025720359
4.85 -0.9369065729286279
4.86 -0.8751152948763801
4.87 -0.8131858259744172
4.88 -0.7511279456037884
4.89 -0.6889514534231929
4.9 -0.626666167821519
4.91 -0.56428192436741
4.92 -0.5018085742560754
4.93 -0.4392559827537208
4.94 -0.3766340276396636
4.95 -0.3139525976465663
4.96 -0.2512215908988511
4.97 -0.1884509133496755
4.98 -0.12565047721668524
4.99 -0.06283019941676479
5.0 -1.2246467991473533E-15
5.01 0.06283019941676235
5.02 0.1256504772166828
5.03 0.18845091334967307
5.04 0.25122159089884866
5.05 0.3139525976465639
5.06 0.37663402763966114
5.07 0.43925598275371835
5.08 0.5018085742560731
5.09 0.5642819243674075
5.1 0.6266661678215164
5.11 0.6889514534231905
5.12 0.751127945603786
5.13 0.8131858259744149
5.14 0.8751152948763775
5.15 0.9369065729286253
5.16 0.9985499025720335
5.17 1.0600355496102722
5.18 1.121353804746901
5.19 1.1824949851186233
5.2 1.2434494358242745
5.21 1.3042075314494814
5.22 1.3647596775866233
5.23 1.4250963123498828
5.24 1.485207907885173
5.25 1.545084971874736
5.26 1.6047180490360469
5.27 1.664097722614929
5.28 1.7232146158725856
5.29 1.7820593935662543
5.3 1.840622763423387
5.31 1.898895477609003
5.32 1.9568683341860145
5.33 2.014532178568312
5.34 2.0718779049664198
5.35 2.128896457825359
5.36 2.185578833254665
5.37 2.241916080450162
5.38 2.297899303107436
5.39 2.3535196608266604
5.4 2.4087683705085783
5.41 2.4636367077414563
5.42 2.5181160081788034
5.43 2.5721976689075277
5.44 2.6258731498064787
5.45 2.679133974894983
5.46 2.731971733671342
5.47 2.7843780824409374
5.48 2.8363447456337845
5.49 2.8878635171113363
5.5 2.9389262614623646
5.51 2.9895249152875936
5.52 3.039651488473023
5.53 3.089298065451672
5.54 3.138456806453503
5.55 3.187119948743446
5.56 3.2352798078472196
5.57 3.2829287787647843
5.58 3.3300593371712575
5.59 3.3766640406051214
5.6 3.4227355296434396
5.61 3.4682665290640244
5.62 3.5132498489942465
5.63 3.5576783860464243
5.64 3.6015451244395322
5.65 3.6448431371070593
5.66 3.6875655867908685
5.67 3.72970572712091
5.68 3.7712569036805155
5.69 3.8122125550572394
5.7 3.852566213878946
5.71 3.892311507835115
5.72 3.9314421606830923
5.73 3.969951993239178
5.74 4.007834924354381
5.75 4.045084971874736
5.76 4.081696253585919
5.77 4.1176629881421345
5.78 4.152979495979063
5.79 4.1876402002107085
5.8 4.221639627510074
5.81 4.254972408973458
5.82 4.2876332809682625
5.83 4.319617085964175
5.84 4.350918773347628
5.85 4.381533400219316
5.86 4.4114561321747665
5.87 4.440682244067723
5.88 4.469207120756317
5.89 4.497026257831854
5.9 4.524135262330098
5.91 4.550529853424978
5.92 4.576205863104587
5.93 4.60115923682935
5.94 4.6253860341722906
5.95 4.648882429441257
5.96 4.671644712283059
5.97 4.693669288269369
5.98 4.714952679464323
5.99 4.735491524973721
6.0 4.755282581475767
6.01 4.774322723733214
6.02 4.792608945086878
6.03 4.8101383579304295
6.04 4.82690819416637
6.05 4.8429158056431545
6.06 4.858158664573368
6.07 4.872634363932886
6.08 4.8863406178409665
6.09 4.899275261921234
6.1 4.911436253643442
6.11 4.922821672646027
6.12 4.9334297210393405
6.13 4.94325872368957
6.14 4.952307128483256
6.15 4.9605735065723895
6.16 4.968056552600042
6.17 4.9747550849065005
6.18 4.980668045715862
6.19 4.98579450130307
6.2 4.990133642141358
6.21 4.993684783030087
6.22 4.996447363202946
6.23 4.9984209464165
6.24 4.99960522101908
6.25 5.0
6.26 4.99960522101908
6.27 4.9984209464165
6.28 4.996447363202946
6.29 4.993684783030087
6.3 4.990133642141358
6.31 4.98579450130307
6.32 4.980668045715862
6.33 4.9747550849065005
6.34 4.968056552600042
6.35 4.9605735065723895
6.36 4.952307128483256
6.37 4.943258723689571
6.38 4.9334297210393405
6.39 4.922821672646027
6.4 4.911436253643443
6.41 4.899275261921235
6.42 4.886340617840968
6.43 4.872634363932886
6.44 4.858158664573368
6.45 4.842915805643155
6.46 4.8269081941663705
6.47 4.810138357930429
6.48 4.79260894508688
6.49 4.774322723733214
6.5 4.755282581475768
6.51 4.735491524973724
6.52 4.714952679464322
6.53 4.693669288269372
6.54 4.67164471228306
6.55 4.648882429441258
6.56 4.625386034172293
6.57 4.601159236829353
6.58 4.576205863104587
6.59 4.550529853424979
6.6 4.5241352623301
6.61 4.497026257831855
6.62 4.46920712075632
6.63 4.440682244067722
6.64 4.411456132174768
6.65 4.3815334002193165
6.66 4.350918773347629
6.67 4.31961708596418
6.68 4.287633280968262
6.69 4.254972408973457
6.7 4.221639627510076
6.71 4.18764020021071
6.72 4.1529794959790625
6.73 4.117662988142138
6.74 4.0816962535859185
6.75 4.045084971874738
6.76 4.007834924354386
6.77 3.969951993239177
6.78 3.9314421606830976
6.79 3.8923115078351165
6.8 3.8525662138789487
6.81 3.812212555057244
6.82 3.771256903680521
6.83 3.729705727120909
6.84 3.6875655867908703
6.85 3.644843137107061
6.86 3.601545124439535
6.87 3.5576783860464296
6.88 3.5132498489942456
6.89 3.468266529064027
6.9 3.422735529643442
6.91 3.3766640406051236
6.92 3.330059337171263
6.93 3.2829287787647834
6.94 3.2352798078472182
6.95 3.1871199487434487
6.96 3.1384568064535054
6.97 3.089298065451671
6.98 3.0396514884730292
6.99 2.9895249152875927
7.0 2.938926261462367
7.01 2.8878635171113425
7.02 2.836344745633783
7.03 2.7843780824409436
7.04 2.731971733671345
7.05 2.6791339748949863
7.06 2.625873149806485
7.07 2.5721976689075343
7.08 2.5181160081788017
7.09 2.463636707741459
7.1 2.408768370508581
7.11 2.353519660826663
7.12 2.297899303107443
7.13 2.2419160804501606
7.14 2.1855788332546675
7.15 2.1288964578253617
7.16 2.0718779049664224
7.17 2.014532178568319
7.18 1.956868334186013
7.19 1.898895477609002
7.2 1.8406227634233898
7.21 1.7820593935662572
7.22 1.723214615872584
7.23 1.6640977226149358
7.24 1.6047180490360455
7.25 1.545084971874739
7.26 1.4852079078851799
7.27 1.4250963123498814
7.28 1.3647596775866306
7.29 1.3042075314494843
7.3 1.2434494358242774
7.31 1.1824949851186308
7.32 1.1213538047469083
7.33 1.0600355496102707
7.34 0.9985499025720366
7.35 0.9369065729286284
7.36 0.8751152948763806
7.37 0.8131858259744222
7.38 0.7511279456037846
7.39 0.6889514534231935
7.4 0.6266661678215195
7.41 0.5642819243674106
7.42 0.5018085742560805
7.43 0.439255982753717
7.44 0.3766340276396598
7.45 0.3139525976465669
7.46 0.25122159089885177
7.47 0.18845091334967168
7.48 0.1256504772166903
7.49 0.06283019941676096
7.5 1.8369701987210296E-15
7.51 -0.0628301994167573
7.52 -0.12565047721668662
7.53 -0.18845091334966801
7.54 -0.25122159089884805
7.55 -0.31395259764656325
7.56 -0.37663402763965614
7.57 -0.43925598275371336
7.58 -0.5018085742560768
7.59 -0.564281924367407
7.6 -0.6266661678215159
7.61 -0.6889514534231899
7.62 -0.751127945603781
7.63 -0.8131858259744186
7.64 -0.875115294876377
7.65 -0.9369065729286248
7.66 -0.9985499025720329
7.67 -1.0600355496102671
7.68 -1.1213538047469047
7.69 -1.182494985118627
7.7 -1.2434494358242738
7.71 -1.3042075314494808
7.72 -1.364759677586627
7.73 -1.4250963123498779
7.74 -1.4852079078851765
7.75 -1.5450849718747353
7.76 -1.604718049036042
7.77 -1.6640977226149325
7.78 -1.723214615872581
7.79 -1.7820593935662536
7.8 -1.8406227634233863
7.81 -1.8988954776089986
7.82 -1.9568683341860096
7.83 -2.0145321785683152
7.84 -2.0718779049664193
7.85 -2.128896457825358
7.86 -2.185578833254664
7.87 -2.2419160804501574
7.88 -2.2978993031074397
7.89 -2.35351966082666
7.9 -2.408768370508578
7.91 -2.463636707741456
7.92 -2.518116008178799
7.93 -2.572197668907531
7.94 -2.625873149806482
7.95 -2.6791339748949827
7.96 -2.731971733671342
7.97 -2.784378082440941
7.98 -2.83634474563378
7.99 -2.88786351711134
8.0 -2.938926261462364
8.01 -2.9895249152875896
8.02 -3.0396514884730266
8.03 -3.0892980654516675
8.04 -3.1384568064534957
8.05 -3.1871199487434527
8.06 -3.2352798078472222
8.07 -3.2829287787647803
8.08 -3.33005933717126
8.09 -3.376664040605121
8.1 -3.422735529643439
8.11 -3.4682665290640182
8.12 -3.5132498489942425
8.13 -3.5576783860464274
8.14 -3.601545124439538
8.15 -3.644843137107059
8.16 -3.687565586790868
8.17 -3.7297057271209066
8.18 -3.771256903680518
8.19 -3.8122125550572363
8.2 -3.8525662138789403
8.21 -3.89231150783512
8.22 -3.931442160683095
8.23 -3.9699519932391745
8.24 -4.007834924354384
8.25 -4.045084971874736
8.26 -4.081696253585917
8.27 -4.117662988142136
8.28 -4.152979495979061
8.29 -4.187640200210704
8.3 -4.221639627510078
8.31 -4.25497240897346
8.32 -4.28763328096826
8.33 -4.319617085964177
8.34 -4.350918773347628
8.35 -4.381533400219315
8.36 -4.411456132174762
8.37 -4.4406822440677205
8.38 -4.469207120756319
8.39 -4.497026257831857
8.4 -4.524135262330098
8.41 -4.550529853424977
8.42 -4.576205863104585
8.43 -4.601159236829352
8.44 -4.625386034172288
8.45 -4.648882429441254
8.46 -4.6716447122830616
8.47 -4.693669288269371
8.48 -4.7149526794643215
8.49 -4.735491524973722
8.5 -4.755282581475767
8.51 -4.7743227237332135
8.52 -4.792608945086879
8.53 -4.810138357930428
8.54 -4.826908194166367
8.55 -4.842915805643157
8.56 -4.85815866457337
8.57 -4.872634363932885
8.58 -4.886340617840968
8.59 -4.899275261921233
8.6 -4.911436253643442
8.61 -4.922821672646025
8.62 -4.93342972103934
8.63 -4.943258723689571
8.64 -4.952307128483257
8.65 -4.9605735065723895
8.66 -4.968056552600042
8.67 -4.9747550849065005
8.68 -4.980668045715862
8.69 -4.985794501303069
8.7 -4.990133642141357
8.71 -4.993684783030088
8.72 -4.996447363202946
8.73 -4.9984209464165
8.74 -4.99960522101908
8.75 -5.0
8.76 -4.99960522101908
8.77 -4.9984209464165
8.78 -4.996447363202947
8.79 -4.993684783030088
8.8 -4.990133642141357
8.81 -4.98579450130307
8.82 -4.980668045715863
8.83 -4.9747550849065005
8.84 -4.968056552600042
8.85 -4.9605735065723895
8.86 -4.952307128483257
8.87 -4.943258723689571
8.88 -4.9334297210393405
8.89 -4.922821672646026
8.9 -4.911436253643443
8.91 -4.899275261921235
8.92 -4.886340617840968
8.93 -4.872634363932886
8.94 -4.858158664573371
8.95 -4.842915805643158
8.96 -4.826908194166368
8.97 -4.810138357930429
8.98 -4.79260894508688
8.99 -4.774322723733214
9.0 -4.755282581475769
9.01 -4.735491524973724
9.02 -4.714952679464322
9.03 -4.693669288269372
9.04 -4.671644712283063
9.05 -4.648882429441255
9.06 -4.62538603417229
9.07 -4.6011592368293535
9.08 -4.576205863104587
9.09 -4.55052985342498
9.1 -4.5241352623301
9.11 -4.497026257831859
9.12 -4.469207120756321
9.13 -4.440682244067722
9.14 -4.411456132174764
9.15 -4.381533400219317
9.16 -4.3509187733476296
9.17 -4.31961708596418
9.18 -4.2876332809682625
9.19 -4.254972408973462
9.2 -4.22163962751008
9.21 -4.187640200210706
9.22 -4.1529794959790625
9.23 -4.117662988142139
9.24 -4.0816962535859185
9.25 -4.045084971874738
9.26 -4.007834924354387
9.27 -3.9699519932391776
9.28 -3.9314421606830976
9.29 -3.8923115078351227
9.3 -3.852566213878943
9.31 -3.812212555057239
9.32 -3.771256903680521
9.33 -3.7297057271209093
9.34 -3.6875655867908708
9.35 -3.6448431371070615
9.36 -3.601545124439541
9.37 -3.55767838604643
9.38 -3.513249848994246
9.39 -3.4682665290640213
9.4 -3.4227355296434423
9.41 -3.376664040605124
9.42 -3.330059337171263
9.43 -3.2829287787647834
9.44 -3.235279807847226
9.45 -3.187119948743456
9.46 -3.1384568064534992
9.47 -3.089298065451671
9.48 -3.0396514884730297
9.49 -2.989524915287593
9.5 -2.9389262614623672
9.51 -2.8878635171113434
9.52 -2.8363447456337836
9.53 -2.784378082440944
9.54 -2.7319717336713527
9.55 -2.6791339748949787
9.56 -2.625873149806478
9.57 -2.5721976689075348
9.58 -2.5181160081788025
9.59 -2.4636367077414594
9.6 -2.4087683705085814
9.61 -2.3535196608266715
9.62 -2.2978993031074433
9.63 -2.241916080450161
9.64 -2.18557883325466
9.65 -2.128896457825362
9.66 -2.0718779049664233
9.67 -2.0145321785683192
9.68 -1.9568683341860136
9.69 -1.8988954776090106
9.7 -1.8406227634233985
9.71 -1.7820593935662492
9.72 -1.7232146158725847
9.73 -1.6640977226149365
9.74 -1.604718049036046
9.75 -1.5450849718747395
9.76 -1.4852079078851808
9.77 -1.4250963123498819
9.78 -1.364759677586631
9.79 -1.3042075314494936
9.8 -1.2434494358242694
9.81 -1.1824949851186226
9.82 -1.121353804746909
9.83 -1.0600355496102714
9.84 -0.998549902572037
9.85 -0.936906572928629
9.86 -0.8751152948763901
9.87 -0.8131858259744229
9.88 -0.7511279456037852
9.89 -0.6889514534231854
9.9 -0.6266661678215201
9.91 -0.5642819243674112
9.92 -0.5018085742560812
9.93 -0.4392559827537176
9.94 -0.37663402763966924
9.95 -0.31395259764657635
9.96 -0.2512215908988435
9.97 -0.1884509133496723
9.98 -0.1256504772166909
9.99 -0.06283019941676157
10.0 -2.4492935982947065E-15
